loci	gst	Gst	GGst	D	Fis	Fst	Fit
Locus1	-0.0190	-0.0372	-0.0401	-0.0179	-0.2353	-0.0086	-0.2460
Locus2	 0.0109	 0.0146	 0.0161	 0.0037	-0.0540	 0.0120	-0.0414
Locus3	 0.1013	 0.1162	 0.1289	 0.0166	 0.4117	 0.1036	 0.4727
Locus4	 0.0026	 0.0043	 0.0047	 0.0018	-0.1767	 0.0135	-0.1608
Locus5	 0.0277	 0.0416	 0.0453	 0.0143	 0.0391	 0.0278	 0.0658
Locus6	 0.1152	 0.1448	 0.1587	 0.0335	-0.1424	 0.1322	 0.0086
Locus7	-0.0238	-0.0428	-0.0463	-0.0185	-0.3085	-0.0136	-0.3263
Locus8	 0.0566	 0.0649	 0.0724	 0.0087	 0.0621	 0.0606	 0.1189
Locus9	-0.0105	-0.0201	-0.0217	-0.0095	-0.3056	 0.0011	-0.3041
Locus10	 0.1927	 0.2287	 0.2493	 0.0446	-0.2246	 0.2300	 0.0571
Locus11	 0.0056	 0.0092	 0.0100	 0.0036	-0.1871	 0.0118	-0.1731
Locus12	-0.0117	-0.0249	-0.0267	-0.0131	-0.2354	 0.0008	-0.2345
Locus13	 0.0046	 0.0077	 0.0084	 0.0031	 0.0544	 0.0076	 0.0616
Locus14	 0.0853	 0.0967	 0.1075	 0.0124	 0.1163	 0.0851	 0.1915
Locus15	-0.0048	-0.0062	-0.0069	-0.0014	-0.1274	 0.0008	-0.1265
Locus16	-0.0299	-0.0374	-0.0418	-0.0072	 0.0594	-0.0368	 0.0249
Locus17	 0.0143	 0.0175	 0.0195	 0.0033	-0.1117	 0.0200	-0.0895
Locus18	 0.0455	 0.0913	 0.0972	 0.0480	 0.1668	 0.0435	 0.2030
Locus19	 0.0698	 0.0964	 0.1054	 0.0286	-0.0678	 0.0806	 0.0183
Locus20	 0.0441	 0.0558	 0.0617	 0.0122	-0.0621	 0.0584	-0.0001
Locus21	 0.0317	 0.0433	 0.0476	 0.0120	-0.1244	 0.0407	-0.0787
Locus22	 0.1074	 0.1200	 0.1333	 0.0142	 0.0509	 0.1263	 0.1708
Locus23	 0.0793	 0.0876	 0.0978	 0.0091	 0.6324	 0.0583	 0.6538
Locus24	 0.0291	 0.0544	 0.0583	 0.0261	-0.1204	 0.0420	-0.0734
Locus25	 0.0835	 0.1058	 0.1164	 0.0244	 0.2235	 0.0818	 0.2870
Locus26	 0.0365	 0.0419	 0.0469	 0.0057	 0.5124	 0.0161	 0.5202
Locus27	 0.0538	 0.0751	 0.0821	 0.0225	 0.1807	 0.0531	 0.2241
Locus28	 0.0377	 0.0502	 0.0553	 0.0130	 0.4390	 0.0234	 0.4521
Locus29	 0.0484	 0.0944	 0.1006	 0.0484	-0.2724	 0.0699	-0.1835
Locus30	-0.0152	-0.0198	-0.0220	-0.0046	 0.1056	-0.0210	 0.0869
Locus31	 0.0457	 0.0528	 0.0589	 0.0074	 0.2625	 0.0365	 0.2894
Locus32	-0.0121	-0.0258	-0.0276	-0.0136	 0.0220	-0.0178	 0.0046
Locus33	-0.0110	-0.0136	-0.0152	-0.0026	 0.1726	-0.0198	 0.1562
Locus34	 0.1065	 0.1827	 0.1949	 0.0852	 0.0041	 0.1290	 0.1326
Locus35	 0.0596	 0.0849	 0.0926	 0.0269	-0.0477	 0.0698	 0.0254
Locus36	 0.0845	 0.1157	 0.1262	 0.0341	-0.1798	 0.0911	-0.0723
Locus37	 0.0737	 0.1434	 0.1524	 0.0753	 0.3293	 0.0743	 0.3791
Locus38	 0.0747	 0.0895	 0.0991	 0.0159	 0.1875	 0.0926	 0.2627
Locus39	 0.0088	 0.0140	 0.0152	 0.0053	-0.0322	 0.0101	-0.0218
Locus40	-0.0033	-0.0038	-0.0043	-0.0004	 0.1941	-0.0135	 0.1832
Locus41	 0.0478	 0.0573	 0.0637	 0.0100	 0.1481	 0.0394	 0.1816
Locus42	 0.0143	 0.0286	 0.0306	 0.0145	-0.2185	 0.0234	-0.1900
Locus43	 0.2310	 0.3663	 0.3866	 0.1760	-0.1517	 0.2793	 0.1699
Locus44	 0.1680	 0.1847	 0.2038	 0.0201	 0.0073	 0.1997	 0.2056
Locus45	 0.0060	 0.0070	 0.0078	 0.0010	 0.1108	 0.0024	 0.1129
Locus46	-0.0262	-0.0542	-0.0581	-0.0272	-0.3342	-0.0136	-0.3524
Locus47	 0.1051	 0.1237	 0.1367	 0.0208	-0.0084	 0.1112	 0.1038
Locus48	 0.0009	 0.0010	 0.0012	 0.0002	 0.1108	-0.0020	 0.1090
Locus49	-0.0230	-0.0341	-0.0375	-0.0109	-0.0243	-0.0247	-0.0496
Locus50	 0.0487	 0.0559	 0.0624	 0.0076	 0.5034	 0.0314	 0.5190
Locus51	 0.2330	 0.3205	 0.3424	 0.1141	-0.2372	 0.2617	 0.0866
Locus52	 0.0058	 0.0068	 0.0076	 0.0010	 0.4752	-0.0203	 0.4645
Locus53	 0.0589	 0.0969	 0.1045	 0.0404	 0.0835	 0.0649	 0.1429
Locus54	 0.0084	 0.0159	 0.0171	 0.0075	-0.0922	 0.0140	-0.0769
Locus55	 0.0335	 0.0495	 0.0540	 0.0165	-0.0450	 0.0443	 0.0013
Locus56	-0.0200	-0.0312	-0.0342	-0.0111	-0.1603	-0.0145	-0.1771
Locus57	 0.1075	 0.1261	 0.1393	 0.0208	 0.4930	 0.0994	 0.5434
Locus58	 0.0614	 0.0714	 0.0795	 0.0107	 0.0744	 0.0680	 0.1373
Locus59	 0.0053	 0.0058	 0.0066	 0.0005	 0.2248	-0.0063	 0.2199
Locus60	 0.1607	 0.1956	 0.2136	 0.0416	 0.4659	 0.1654	 0.5543
Locus61	-0.0050	-0.0077	-0.0085	-0.0027	-0.1776	 0.0024	-0.1748
Locus62	 0.0029	 0.0035	 0.0039	 0.0006	 0.3891	-0.0147	 0.3801
Locus63	 0.0378	 0.0781	 0.0830	 0.0419	-0.1074	 0.0418	-0.0611
Locus64	 0.1401	 0.1588	 0.1753	 0.0218	 0.5981	 0.1282	 0.6496
Locus65	-0.0020	-0.0042	-0.0045	-0.0023	-0.2535	 0.0079	-0.2436
Locus66	 0.0536	 0.0760	 0.0830	 0.0236	-0.1885	 0.0699	-0.1054
Locus67	-0.0104	-0.0143	-0.0158	-0.0038	-0.0546	-0.0088	-0.0639
Locus68	 0.0127	 0.0184	 0.0201	 0.0057	-0.1501	 0.0224	-0.1243
Locus69	 0.1338	 0.2339	 0.2483	 0.1156	-0.0717	 0.1477	 0.0866
Locus70	 0.0230	 0.0268	 0.0300	 0.0038	 0.0934	 0.0240	 0.1151
Locus71	 0.0189	 0.0218	 0.0245	 0.0030	 0.3215	 0.0080	 0.3270
Locus72	 0.0172	 0.0323	 0.0347	 0.0153	 0.2039	 0.0104	 0.2122
Locus73	-0.0112	-0.0191	-0.0207	-0.0078	 0.1600	-0.0229	 0.1408
Locus74	-0.0255	-0.0389	-0.0427	-0.0131	-0.0582	-0.0258	-0.0855
Locus75	 0.0418	 0.0561	 0.0617	 0.0149	-0.1179	 0.0554	-0.0560
Locus76	 0.2032	 0.2440	 0.2653	 0.0512	 0.5390	 0.2207	 0.6407
Locus77	 0.0398	 0.0478	 0.0532	 0.0083	 0.1763	 0.0376	 0.2073
Locus78	 0.0776	 0.1368	 0.1463	 0.0642	-0.2543	 0.1063	-0.1210
Locus79	-0.0008	-0.0013	-0.0015	-0.0005	-0.2097	 0.0110	-0.1963
Locus80	 0.0049	 0.0069	 0.0076	 0.0020	 0.3567	-0.0211	 0.3432
Locus81	 0.0964	 0.1866	 0.1976	 0.0998	 0.4379	 0.1006	 0.4944
Locus82	 0.0259	 0.0298	 0.0334	 0.0040	 0.2814	 0.0140	 0.2915
Locus83	 0.2547	 0.3490	 0.3719	 0.1266	-0.1889	 0.2833	 0.1479
Locus84	 0.0255	 0.0447	 0.0482	 0.0196	 0.1100	 0.0287	 0.1355
Locus85	 0.0813	 0.1084	 0.1186	 0.0295	 0.1260	 0.0899	 0.2046
Locus86	 0.0339	 0.0423	 0.0469	 0.0087	 0.1136	 0.0299	 0.1401
Locus87	-0.0047	-0.0071	-0.0078	-0.0024	 0.2320	-0.0205	 0.2163
Locus88	 0.1364	 0.1932	 0.2086	 0.0657	 0.1410	 0.1414	 0.2625
Locus89	 0.0660	 0.0765	 0.0851	 0.0113	 0.2471	 0.0644	 0.2956
Locus90	 0.0351	 0.0419	 0.0467	 0.0070	 0.2051	 0.0344	 0.2325
Locus91	 0.0357	 0.0672	 0.0720	 0.0327	-0.1682	 0.0495	-0.1103
Locus92	 0.0118	 0.0158	 0.0175	 0.0041	 0.0413	 0.0167	 0.0573
Locus93	 0.0108	 0.0209	 0.0225	 0.0103	 0.3142	-0.0035	 0.3118
Locus94	 0.0247	 0.0301	 0.0335	 0.0055	 0.2184	 0.0128	 0.2284
Locus95	 0.0425	 0.0523	 0.0580	 0.0102	-0.0234	 0.0576	 0.0355
Locus96	 0.0993	 0.1398	 0.1518	 0.0450	-0.0217	 0.1090	 0.0896
Locus97	 0.1046	 0.1444	 0.1570	 0.0445	 0.3431	 0.1030	 0.4108
Locus98	-0.0125	-0.0181	-0.0199	-0.0055	-0.0242	-0.0113	-0.0358
Locus99	 0.1003	 0.1780	 0.1896	 0.0864	 0.0224	 0.1149	 0.1348
Locus100	 0.0063	 0.0134	 0.0143	 0.0072	 0.3917	-0.0131	 0.3837
Locus101	 0.0088	 0.0138	 0.0150	 0.0050	-0.1340	 0.0168	-0.1150
Locus102	 0.1125	 0.1699	 0.1831	 0.0647	 0.1205	 0.1181	 0.2244
Locus103	 0.0241	 0.0326	 0.0359	 0.0087	-0.0038	 0.0229	 0.0192
Locus104	 0.0172	 0.0221	 0.0245	 0.0050	 0.0764	 0.0139	 0.0893
Locus105	-0.0121	-0.0201	-0.0218	-0.0079	-0.1758	-0.0028	-0.1791
Locus106	 0.0085	 0.0106	 0.0118	 0.0021	 0.2915	-0.0027	 0.2896
Locus107	 0.2569	 0.3144	 0.3387	 0.0774	 0.3245	 0.2605	 0.5005
Locus108	 0.0430	 0.0518	 0.0576	 0.0092	 0.0181	 0.0481	 0.0654
Locus109	 0.0041	 0.0058	 0.0064	 0.0017	-0.0864	 0.0028	-0.0834
Locus110	 0.0187	 0.0230	 0.0256	 0.0044	 0.1497	 0.0149	 0.1624
Locus111	 0.0479	 0.0559	 0.0623	 0.0084	 0.4542	 0.0259	 0.4683
Locus112	 0.0128	 0.0186	 0.0204	 0.0059	 0.4433	-0.0105	 0.4374
Locus113	 0.0135	 0.0223	 0.0241	 0.0089	-0.2709	 0.0264	-0.2374
Locus114	 0.0154	 0.0223	 0.0244	 0.0070	 0.1857	 0.0060	 0.1906
Locus115	 0.2067	 0.2453	 0.2670	 0.0487	 0.4856	 0.2178	 0.5976
Locus116	 0.0980	 0.1141	 0.1263	 0.0179	 0.3703	 0.0916	 0.4280
Locus117	 0.0960	 0.1251	 0.1369	 0.0322	-0.1557	 0.1107	-0.0278
Locus118	 0.1503	 0.2661	 0.2815	 0.1363	 0.3317	 0.1745	 0.4483
Locus119	 0.0023	 0.0026	 0.0030	 0.0003	 0.1550	 0.0010	 0.1559
Locus120	 0.1487	 0.1770	 0.1941	 0.0332	 0.3656	 0.1547	 0.4637
Locus121	 0.0112	 0.0178	 0.0193	 0.0067	 0.1635	 0.0084	 0.1705
Locus122	 0.2396	 0.3037	 0.3267	 0.0842	-0.1765	 0.2787	 0.1514
Locus123	 0.1862	 0.2867	 0.3052	 0.1235	 0.3354	 0.1738	 0.4509
Locus124	-0.0093	-0.0105	-0.0119	-0.0012	 0.4345	-0.0346	 0.4149
Locus125	 0.0350	 0.0426	 0.0474	 0.0079	 0.0077	 0.0403	 0.0477
Locus126	 0.0142	 0.0291	 0.0311	 0.0151	-0.2439	 0.0253	-0.2125
Locus127	 0.0718	 0.0895	 0.0987	 0.0191	-0.0541	 0.0766	 0.0267
Locus128	 0.0581	 0.1075	 0.1149	 0.0525	 0.2114	 0.0565	 0.2560
Locus129	 0.0072	 0.0098	 0.0108	 0.0025	 0.0347	 0.0109	 0.0453
Locus130	 0.0339	 0.0705	 0.0750	 0.0379	 0.1336	 0.0274	 0.1573
Locus131	 0.0984	 0.1166	 0.1288	 0.0202	 0.7352	 0.0724	 0.7543
Locus132	 0.0396	 0.0457	 0.0511	 0.0064	 0.4549	 0.0270	 0.4696
Locus133	 0.0328	 0.0486	 0.0531	 0.0163	-0.0482	 0.0413	-0.0049
Locus134	 0.0263	 0.0298	 0.0335	 0.0036	 0.3623	 0.0109	 0.3692
Locus135	 0.0359	 0.0548	 0.0596	 0.0196	 0.3486	 0.0205	 0.3620
Locus136	 0.0279	 0.0537	 0.0575	 0.0265	-0.2868	 0.0408	-0.2343
Locus137	-0.0160	-0.0256	-0.0280	-0.0095	 0.2048	-0.0288	 0.1818
Locus138	 0.0215	 0.0415	 0.0444	 0.0204	 0.2521	 0.0162	 0.2642
Locus139	 0.0635	 0.0830	 0.0913	 0.0208	 0.6788	 0.0351	 0.6901
Locus140	 0.0109	 0.0162	 0.0177	 0.0054	 0.0885	 0.0061	 0.0940
Locus141	 0.0384	 0.0428	 0.0481	 0.0046	 0.4039	 0.0290	 0.4212
Locus142	 0.0045	 0.0076	 0.0082	 0.0031	 0.3946	-0.0090	 0.3891
Locus143	 0.0816	 0.1136	 0.1238	 0.0348	 0.3371	 0.0751	 0.3869
Locus144	-0.0082	-0.0139	-0.0150	-0.0056	 0.0485	-0.0106	 0.0384
Locus145	 0.0034	 0.0058	 0.0063	 0.0025	-0.0133	 0.0034	-0.0099
Locus146	 0.0588	 0.1145	 0.1219	 0.0593	 0.1725	 0.0663	 0.2273
Locus147	 0.0755	 0.0905	 0.1002	 0.0161	 0.1355	 0.0832	 0.2074
Locus148	 0.2291	 0.3939	 0.4131	 0.2139	 0.1215	 0.2362	 0.3290
Locus149	 0.0770	 0.1194	 0.1290	 0.0460	-0.1243	 0.0873	-0.0262
Locus150	-0.0176	-0.0332	-0.0358	-0.0153	-0.0142	-0.0191	-0.0336
Locus151	 0.0921	 0.1027	 0.1143	 0.0117	 0.3144	 0.0894	 0.3757
Locus152	-0.0114	-0.0244	-0.0260	-0.0128	-0.0624	-0.0082	-0.0711
Locus153	 0.2052	 0.2298	 0.2517	 0.0310	 0.2908	 0.1983	 0.4314
Locus154	-0.0049	-0.0095	-0.0102	-0.0046	 0.1601	-0.0127	 0.1495
Locus155	-0.0142	-0.0306	-0.0327	-0.0162	-0.0780	-0.0118	-0.0907
Locus156	 0.0286	 0.0347	 0.0386	 0.0063	 0.0189	 0.0279	 0.0463
Locus157	 0.0495	 0.0549	 0.0615	 0.0057	 0.8831	 0.0075	 0.8840
Locus158	 0.0135	 0.0221	 0.0239	 0.0086	-0.1825	 0.0185	-0.1607
Locus159	 0.0246	 0.0280	 0.0314	 0.0035	 0.1391	 0.0239	 0.1597
Locus160	 0.0497	 0.0611	 0.0677	 0.0120	 0.1178	 0.0514	 0.1631
Locus161	 0.1076	 0.1251	 0.1383	 0.0196	 0.3184	 0.1093	 0.3930
Locus162	 0.0100	 0.0132	 0.0146	 0.0032	-0.0448	 0.0159	-0.0282
Locus163	 0.0143	 0.0253	 0.0273	 0.0112	 0.2568	 0.0051	 0.2606
Locus164	 0.0075	 0.0083	 0.0094	 0.0008	-0.0518	 0.0117	-0.0395
Locus165	-0.0124	-0.0167	-0.0185	-0.0042	 0.1857	-0.0233	 0.1667
Locus166	 0.1300	 0.1699	 0.1850	 0.0458	 0.2648	 0.1316	 0.3615
Locus167	 0.0465	 0.0565	 0.0627	 0.0104	 0.0063	 0.0588	 0.0647
Locus168	 0.0093	 0.0107	 0.0120	 0.0014	 0.1296	 0.0050	 0.1340
Locus169	 0.0749	 0.0882	 0.0979	 0.0144	 0.2372	 0.0758	 0.2950
Locus170	-0.0199	-0.0262	-0.0292	-0.0063	 0.3449	-0.0395	 0.3191
Locus171	 0.0105	 0.0223	 0.0238	 0.0119	-0.2241	 0.0250	-0.1935
Locus172	 0.0789	 0.0896	 0.0998	 0.0117	 0.4881	 0.0678	 0.5228
Locus173	 0.0036	 0.0073	 0.0078	 0.0037	 0.1716	-0.0002	 0.1714
Locus174	 0.0821	 0.0923	 0.1029	 0.0111	 0.1170	 0.0868	 0.1936
Locus175	 0.0363	 0.0731	 0.0779	 0.0382	-0.1299	 0.0422	-0.0822
Locus176	 0.0200	 0.0264	 0.0291	 0.0065	-0.0694	 0.0280	-0.0395
Locus177	 0.3532	 0.4045	 0.4331	 0.0792	-0.2136	 0.3712	 0.2369
Locus178	 0.0111	 0.0212	 0.0228	 0.0103	 0.1499	 0.0074	 0.1562
Locus179	 0.0253	 0.0345	 0.0380	 0.0094	 0.3928	 0.0068	 0.3970
Locus180	 0.0146	 0.0240	 0.0260	 0.0096	-0.1488	 0.0234	-0.1220
Locus181	-0.0051	-0.0064	-0.0072	-0.0013	 0.1468	-0.0145	 0.1345
Locus182	 0.0693	 0.1193	 0.1279	 0.0537	 0.3176	 0.0582	 0.3573
Locus183	 0.0843	 0.1240	 0.1344	 0.0433	 0.5582	 0.0814	 0.5941
Locus184	 0.1542	 0.1763	 0.1941	 0.0261	-0.0738	 0.1728	 0.1117
Locus185	 0.1117	 0.1259	 0.1397	 0.0160	 0.2968	 0.1137	 0.3767
Locus186	 0.0948	 0.1669	 0.1780	 0.0796	 0.0780	 0.0975	 0.1679
Locus187	 0.0513	 0.0597	 0.0665	 0.0089	 0.0702	 0.0513	 0.1180
Locus188	 0.0191	 0.0378	 0.0404	 0.0191	 0.2757	 0.0111	 0.2837
Locus189	 0.0188	 0.0288	 0.0314	 0.0102	 0.2306	 0.0128	 0.2404
Locus190	 0.0043	 0.0056	 0.0062	 0.0013	 0.3093	-0.0150	 0.2990
Locus191	 0.0019	 0.0036	 0.0039	 0.0017	 0.1563	-0.0033	 0.1535
Locus192	 0.1538	 0.1702	 0.1881	 0.0194	 0.6025	 0.1380	 0.6574
Locus193	-0.0060	-0.0084	-0.0093	-0.0024	 0.2764	-0.0280	 0.2562
Locus194	 0.0525	 0.1060	 0.1127	 0.0565	 0.1677	 0.0424	 0.2029
Locus195	 0.1202	 0.1477	 0.1621	 0.0313	 0.5010	 0.0984	 0.5501
Locus196	 0.0666	 0.0811	 0.0898	 0.0156	-0.0515	 0.0741	 0.0264
Locus197	 0.0060	 0.0079	 0.0088	 0.0019	 0.2072	 0.0002	 0.2074
Locus198	 0.0217	 0.0248	 0.0278	 0.0032	 0.7920	-0.0132	 0.7893
Locus199	-0.0189	-0.0265	-0.0293	-0.0074	-0.0558	-0.0188	-0.0757
Locus200	 0.2096	 0.3431	 0.3622	 0.1688	 0.3315	 0.2353	 0.4888
Locus201	 0.0247	 0.0290	 0.0324	 0.0044	 0.8246	-0.0157	 0.8218
Locus202	 0.1108	 0.1397	 0.1531	 0.0325	 0.0143	 0.1203	 0.1329
Locus203	 0.0586	 0.0671	 0.0748	 0.0090	 0.3924	 0.0455	 0.4200
Locus204	 0.1402	 0.1574	 0.1739	 0.0199	 0.5996	 0.1419	 0.6564
Locus205	 0.0290	 0.0331	 0.0371	 0.0042	 0.7913	-0.0109	 0.7891
Locus206	 0.0132	 0.0173	 0.0191	 0.0041	 0.4146	-0.0073	 0.4103
Locus207	-0.0263	-0.0502	-0.0542	-0.0233	-0.3244	-0.0159	-0.3455
Locus208	 0.0874	 0.1211	 0.1319	 0.0370	 0.0025	 0.0862	 0.0885
Locus209	-0.0145	-0.0183	-0.0204	-0.0037	 0.2815	-0.0296	 0.2602
Locus210	 0.0840	 0.1610	 0.1710	 0.0840	 0.4394	 0.0622	 0.4742
Locus211	 0.0461	 0.0509	 0.0572	 0.0051	 0.4697	 0.0227	 0.4818
Locus212	-0.0089	-0.0138	-0.0150	-0.0049	 0.3246	-0.0267	 0.3066
Locus213	 0.0392	 0.0612	 0.0664	 0.0229	-0.1968	 0.0532	-0.1331
Locus214	 0.3418	 0.4216	 0.4485	 0.1213	 0.2987	 0.3926	 0.5740
Locus215	 0.0603	 0.0931	 0.1008	 0.0349	 0.0997	 0.0614	 0.1550
Locus216	 0.1512	 0.2748	 0.2901	 0.1456	 0.3680	 0.1556	 0.4663
Locus217	 0.0587	 0.1137	 0.1211	 0.0585	-0.0141	 0.0677	 0.0546
Locus218	 0.1048	 0.1936	 0.2055	 0.0992	-0.0839	 0.1328	 0.0601
Locus219	 0.0014	 0.0026	 0.0028	 0.0012	 0.2440	-0.0151	 0.2326
Locus220	-0.0037	-0.0060	-0.0065	-0.0023	-0.1018	 0.0019	-0.0997
Locus221	 0.1982	 0.3296	 0.3480	 0.1638	-0.0435	 0.2227	 0.1889
Locus222	 0.0399	 0.0515	 0.0569	 0.0121	-0.0722	 0.0546	-0.0137
Locus223	 0.0145	 0.0264	 0.0284	 0.0120	 0.0196	 0.0092	 0.0287
Locus224	 0.2068	 0.2554	 0.2768	 0.0613	 0.0338	 0.2300	 0.2560
Locus225	-0.0164	-0.0201	-0.0225	-0.0036	 0.0754	-0.0234	 0.0538
Locus226	 0.0176	 0.0206	 0.0230	 0.0031	 0.2535	 0.0005	 0.2539
Locus227	-0.0070	-0.0093	-0.0104	-0.0024	 0.0676	-0.0111	 0.0572
Locus228	-0.0007	-0.0012	-0.0013	-0.0005	-0.1542	 0.0025	-0.1514
Locus229	 0.0209	 0.0250	 0.0279	 0.0042	 0.0439	 0.0191	 0.0622
Locus230	 0.0597	 0.0742	 0.0821	 0.0155	 0.2479	 0.0615	 0.2942
Locus231	 0.0398	 0.0446	 0.0500	 0.0050	 0.1565	 0.0367	 0.1875
Locus232	 0.0654	 0.0726	 0.0812	 0.0077	 0.1693	 0.0649	 0.2232
Locus233	 0.0156	 0.0297	 0.0318	 0.0143	-0.0962	 0.0181	-0.0764
Locus234	 0.1508	 0.1882	 0.2053	 0.0440	 0.5739	 0.1485	 0.6372
Locus235	 0.0393	 0.0461	 0.0514	 0.0071	 0.5115	 0.0135	 0.5180
Locus236	 0.0073	 0.0110	 0.0120	 0.0038	 0.2038	 0.0025	 0.2058
Locus237	 0.0740	 0.1168	 0.1261	 0.0463	-0.2247	 0.1024	-0.0992
Locus238	-0.0177	-0.0218	-0.0244	-0.0040	 0.0626	-0.0210	 0.0429
Locus239	 0.1434	 0.2552	 0.2701	 0.1305	 0.2561	 0.1391	 0.3596
Locus240	 0.0445	 0.0582	 0.0642	 0.0144	 0.2260	 0.0458	 0.2615
Locus241	 0.0504	 0.0570	 0.0637	 0.0069	 0.1180	 0.0509	 0.1629
Locus242	-0.0071	-0.0088	-0.0098	-0.0017	 0.0465	-0.0078	 0.0391
Locus243	 0.0866	 0.1256	 0.1363	 0.0427	-0.0988	 0.1043	 0.0158
Locus244	 0.2284	 0.3181	 0.3396	 0.1161	 0.3539	 0.2338	 0.5050
Locus245	-0.0112	-0.0240	-0.0256	-0.0127	 0.2528	-0.0197	 0.2381
Locus246	-0.0067	-0.0077	-0.0087	-0.0010	-0.0574	-0.0072	-0.0650
Locus247	 0.0366	 0.0578	 0.0627	 0.0220	 0.2090	 0.0320	 0.2343
Locus248	 0.1908	 0.2232	 0.2438	 0.0401	 0.4360	 0.1964	 0.5468
Locus249	 0.0193	 0.0218	 0.0245	 0.0026	 0.3645	 0.0089	 0.3702
Locus250	 0.0032	 0.0036	 0.0040	 0.0003	 0.2255	-0.0074	 0.2198
Locus251	 0.0422	 0.0713	 0.0769	 0.0304	 0.2215	 0.0412	 0.2536
Locus252	 0.0295	 0.0368	 0.0408	 0.0075	 0.3129	 0.0014	 0.3139
Locus253	 0.1891	 0.3242	 0.3419	 0.1666	 0.3643	 0.1678	 0.4710
Locus254	 0.0235	 0.0476	 0.0508	 0.0248	 0.2961	 0.0151	 0.3067
Locus255	 0.0108	 0.0137	 0.0152	 0.0029	 0.3603	-0.0076	 0.3554
Locus256	 0.0210	 0.0281	 0.0310	 0.0072	 0.0235	 0.0237	 0.0467
Locus257	 0.0302	 0.0357	 0.0399	 0.0057	 0.4107	 0.0193	 0.4221
Locus258	 0.0208	 0.0297	 0.0326	 0.0092	 0.4338	-0.0076	 0.4294
Locus259	 0.0212	 0.0268	 0.0298	 0.0057	 0.2531	 0.0104	 0.2608
Locus260	 0.0388	 0.0802	 0.0853	 0.0431	-0.2135	 0.0582	-0.1429
Locus261	 0.1071	 0.1904	 0.2026	 0.0932	 0.2898	 0.1199	 0.3749
Locus262	 0.1194	 0.1427	 0.1570	 0.0264	 0.4316	 0.1220	 0.5009
Locus263	 0.0820	 0.1410	 0.1510	 0.0643	-0.0380	 0.0983	 0.0640
Locus264	 0.0621	 0.0735	 0.0817	 0.0121	 0.0376	 0.0645	 0.0996
Locus265	 0.0231	 0.0294	 0.0326	 0.0064	 0.5900	 0.0005	 0.5902
Locus266	 0.2706	 0.3459	 0.3702	 0.1032	 0.7236	 0.2740	 0.7994
Locus267	 0.1583	 0.2883	 0.3040	 0.1545	 0.4718	 0.1673	 0.5602
Locus268	 0.1700	 0.2191	 0.2377	 0.0592	 0.0892	 0.1786	 0.2519
Locus269	 0.0264	 0.0491	 0.0527	 0.0233	-0.0992	 0.0372	-0.0582
Locus270	 0.0295	 0.0348	 0.0388	 0.0055	 0.0504	 0.0295	 0.0785
Locus271	 0.0040	 0.0045	 0.0051	 0.0005	 0.1617	-0.0044	 0.1580
Locus272	 0.0561	 0.0694	 0.0768	 0.0141	 0.2826	 0.0515	 0.3195
Locus273	 0.0537	 0.0941	 0.1010	 0.0428	-0.0426	 0.0632	 0.0234
Locus274	 0.0727	 0.0817	 0.0911	 0.0097	 0.1689	 0.0654	 0.2233
Locus275	 0.0652	 0.0808	 0.0893	 0.0166	 0.4471	 0.0508	 0.4752
Locus276	 0.1073	 0.1566	 0.1693	 0.0552	 0.1711	 0.1149	 0.2664
Locus277	 0.0272	 0.0456	 0.0493	 0.0189	-0.0719	 0.0343	-0.0351
Locus278	 0.1049	 0.1190	 0.1320	 0.0158	 0.0120	 0.1137	 0.1244
Locus279	 0.0435	 0.0781	 0.0838	 0.0362	-0.1885	 0.0506	-0.1284
Locus280	 0.1964	 0.2325	 0.2535	 0.0449	 0.2324	 0.2157	 0.3980
Locus281	 0.0260	 0.0391	 0.0427	 0.0134	 0.1735	 0.0221	 0.1917
Locus282	 0.0534	 0.0635	 0.0706	 0.0107	 0.1676	 0.0499	 0.2092
Locus283	-0.0084	-0.0153	-0.0165	-0.0068	 0.3187	-0.0275	 0.2999
Locus284	 0.0479	 0.0619	 0.0682	 0.0147	 0.2991	 0.0388	 0.3263
Locus285	 0.1471	 0.2627	 0.2779	 0.1356	 0.1031	 0.1717	 0.2571
Locus286	-0.0016	-0.0020	-0.0022	-0.0003	 0.2158	-0.0163	 0.2031
Locus287	 0.0921	 0.1802	 0.1909	 0.0971	-0.0793	 0.1104	 0.0398
Locus288	 0.0926	 0.1646	 0.1755	 0.0794	 0.2342	 0.0858	 0.2999
Locus289	-0.0138	-0.0165	-0.0185	-0.0027	 0.0920	-0.0198	 0.0740
Locus290	 0.0259	 0.0306	 0.0341	 0.0048	 0.0551	 0.0241	 0.0779
Locus291	 0.0297	 0.0372	 0.0413	 0.0078	 0.3782	 0.0115	 0.3853
Locus292	 0.0205	 0.0263	 0.0291	 0.0059	-0.0313	 0.0267	-0.0038
Locus293	 0.1462	 0.2546	 0.2699	 0.1270	 0.0875	 0.1668	 0.2397
Locus294	 0.1075	 0.2071	 0.2191	 0.1116	 0.1798	 0.1138	 0.2731
Locus295	-0.0129	-0.0275	-0.0294	-0.0144	 0.2236	-0.0235	 0.2054
Locus296	-0.0091	-0.0106	-0.0119	-0.0015	 0.1246	-0.0155	 0.1111
Locus297	 0.0340	 0.0394	 0.0440	 0.0056	 0.5112	 0.0157	 0.5189
Locus298	 0.1154	 0.1846	 0.1978	 0.0782	-0.1525	 0.1451	 0.0147
Locus299	 0.0509	 0.0665	 0.0733	 0.0165	 0.0248	 0.0545	 0.0779
Locus300	 0.0143	 0.0303	 0.0323	 0.0162	-0.1823	 0.0285	-0.1486
Locus301	-0.0056	-0.0068	-0.0076	-0.0011	 0.2687	-0.0220	 0.2526
Locus302	 0.2601	 0.3231	 0.3473	 0.0851	 0.2686	 0.2740	 0.4690
Locus303	-0.0140	-0.0278	-0.0299	-0.0136	 0.1881	-0.0268	 0.1663
Locus304	 0.1332	 0.2168	 0.2315	 0.0965	 0.0421	 0.1538	 0.1894
Locus305	 0.0528	 0.1057	 0.1124	 0.0558	 0.2037	 0.0562	 0.2484
Locus306	-0.0111	-0.0132	-0.0148	-0.0021	 0.4397	-0.0352	 0.4200
Locus307	 0.0206	 0.0369	 0.0397	 0.0166	-0.1096	 0.0290	-0.0774
Locus308	 0.0236	 0.0313	 0.0346	 0.0079	 0.3488	 0.0123	 0.3568
Locus309	 0.0194	 0.0361	 0.0388	 0.0171	-0.2588	 0.0386	-0.2102
Locus310	-0.0109	-0.0129	-0.0145	-0.0020	 0.4390	-0.0317	 0.4212
Locus311	-0.0050	-0.0063	-0.0070	-0.0013	 0.2745	-0.0158	 0.2631
Locus312	 0.0054	 0.0061	 0.0069	 0.0007	 0.4855	-0.0140	 0.4782
Locus313	 0.1117	 0.1305	 0.1441	 0.0211	 0.1985	 0.1239	 0.2978
Locus314	 0.0784	 0.0945	 0.1045	 0.0174	 0.5592	 0.0691	 0.5896
Locus315	 0.0596	 0.0747	 0.0825	 0.0161	 0.4900	 0.0382	 0.5095
Locus316	 0.0091	 0.0194	 0.0207	 0.0104	 0.3765	-0.0124	 0.3687
Locus317	 0.0573	 0.1146	 0.1218	 0.0608	 0.4272	 0.0563	 0.4595
Locus318	 0.0287	 0.0360	 0.0399	 0.0075	-0.0224	 0.0305	 0.0088
Locus319	 0.0411	 0.0540	 0.0595	 0.0135	-0.0933	 0.0536	-0.0347
Locus320	 0.0681	 0.0777	 0.0866	 0.0104	 0.2802	 0.0674	 0.3287
Locus321	 0.0780	 0.0959	 0.1059	 0.0194	 0.2308	 0.0848	 0.2960
Locus322	-0.0161	-0.0231	-0.0255	-0.0070	-0.0086	-0.0175	-0.0263
Locus323	 0.0308	 0.0474	 0.0515	 0.0171	 0.2883	 0.0228	 0.3046
Locus324	 0.1377	 0.2416	 0.2562	 0.1204	 0.1949	 0.1500	 0.3157
Locus325	 0.1129	 0.1472	 0.1608	 0.0387	 0.3087	 0.1078	 0.3833
Locus326	 0.0387	 0.0434	 0.0487	 0.0049	 0.6488	 0.0113	 0.6528
Locus327	 0.1134	 0.1907	 0.2036	 0.0872	 0.4746	 0.0986	 0.5264
Locus328	 0.0486	 0.0542	 0.0607	 0.0058	 0.4012	 0.0321	 0.4205
Locus329	-0.0106	-0.0197	-0.0212	-0.0090	-0.1004	-0.0054	-0.1063
Locus330	 0.0274	 0.0316	 0.0354	 0.0044	 0.2804	 0.0103	 0.2878
Locus331	 0.0810	 0.1310	 0.1410	 0.0544	 0.2320	 0.0777	 0.2917
Locus332	 0.0171	 0.0205	 0.0229	 0.0035	 0.2216	 0.0060	 0.2262
Locus333	-0.0124	-0.0149	-0.0167	-0.0024	 0.5555	-0.0435	 0.5361
Locus334	 0.0377	 0.0777	 0.0827	 0.0415	 0.4224	 0.0270	 0.4380
Locus335	 0.0792	 0.0950	 0.1052	 0.0172	 0.7370	 0.0652	 0.7542
Locus336	 0.0656	 0.1120	 0.1202	 0.0496	 0.4789	 0.0505	 0.5052
Locus337	 0.1627	 0.1901	 0.2085	 0.0328	 0.3119	 0.1794	 0.4353
Locus338	 0.0368	 0.0477	 0.0527	 0.0112	 0.1696	 0.0353	 0.1989
Locus339	 0.0178	 0.0201	 0.0226	 0.0024	 0.3670	 0.0033	 0.3690
Locus340	 0.0345	 0.0640	 0.0686	 0.0306	 0.4698	 0.0113	 0.4758
Locus341	 0.0023	 0.0028	 0.0031	 0.0004	 0.2642	-0.0160	 0.2524
Locus342	 0.0559	 0.0876	 0.0949	 0.0336	 0.0501	 0.0655	 0.1123
Locus343	 0.1047	 0.1509	 0.1635	 0.0517	 0.3524	 0.1052	 0.4205
Locus344	-0.0127	-0.0273	-0.0292	-0.0145	-0.2803	-0.0004	-0.2808
Locus345	 0.0405	 0.0572	 0.0627	 0.0174	 0.0890	 0.0428	 0.1280
Locus346	 0.0407	 0.0664	 0.0718	 0.0268	 0.3063	 0.0307	 0.3276
Locus347	 0.0064	 0.0076	 0.0085	 0.0012	 0.0705	 0.0068	 0.0769
Locus348	 0.1013	 0.1377	 0.1500	 0.0405	-0.0148	 0.1139	 0.1008
Locus349	 0.0130	 0.0153	 0.0172	 0.0024	 0.0869	 0.0073	 0.0936
Locus350	 0.0591	 0.0696	 0.0774	 0.0112	 0.1905	 0.0559	 0.2358
Locus351	 0.0386	 0.0687	 0.0738	 0.0313	-0.1245	 0.0537	-0.0641
Locus352	 0.0197	 0.0312	 0.0339	 0.0117	-0.0847	 0.0274	-0.0550
Locus353	 0.0567	 0.0651	 0.0727	 0.0089	 0.0599	 0.0616	 0.1177
Locus354	 0.0688	 0.0899	 0.0988	 0.0227	 0.4471	 0.0681	 0.4848
Locus355	-0.0017	-0.0022	-0.0025	-0.0005	 0.2247	-0.0100	 0.2169
Locus356	-0.0160	-0.0351	-0.0374	-0.0188	-0.1876	-0.0073	-0.1962
Locus357	 0.0280	 0.0332	 0.0370	 0.0054	 0.0452	 0.0304	 0.0742
Locus358	 0.0202	 0.0302	 0.0330	 0.0102	 0.0406	 0.0260	 0.0656
Locus359	 0.1881	 0.3361	 0.3535	 0.1823	 0.5085	 0.1824	 0.5981
Locus360	 0.0208	 0.0264	 0.0293	 0.0056	 0.1294	 0.0141	 0.1417
Locus361	-0.0083	-0.0110	-0.0122	-0.0027	-0.0211	-0.0100	-0.0313
Locus362	 0.0612	 0.1236	 0.1312	 0.0665	 0.1292	 0.0595	 0.1810
Locus363	 0.0675	 0.0786	 0.0874	 0.0119	 0.4342	 0.0608	 0.4686
Locus364	 0.0455	 0.0856	 0.0915	 0.0420	 0.1934	 0.0379	 0.2240
Locus365	 0.0143	 0.0166	 0.0187	 0.0024	 0.6505	-0.0168	 0.6447
Locus366	 0.0531	 0.0646	 0.0717	 0.0121	 0.5175	 0.0418	 0.5376
Locus367	 0.1063	 0.1276	 0.1407	 0.0239	 0.4383	 0.1081	 0.4990
Locus368	-0.0099	-0.0125	-0.0139	-0.0026	 0.4907	-0.0370	 0.4718
Locus369	 0.0456	 0.0530	 0.0592	 0.0078	 0.2289	 0.0413	 0.2608
Locus370	 0.0131	 0.0264	 0.0282	 0.0134	-0.1180	 0.0192	-0.0966
Locus371	 0.0073	 0.0100	 0.0110	 0.0027	 0.4040	-0.0080	 0.3992
Locus372	 0.0820	 0.1107	 0.1210	 0.0313	 0.4263	 0.0567	 0.4588
Locus373	-0.0071	-0.0083	-0.0093	-0.0011	 0.3404	-0.0275	 0.3223
Locus374	 0.0069	 0.0135	 0.0145	 0.0066	 0.0337	 0.0057	 0.0391
Locus375	 0.0425	 0.0866	 0.0921	 0.0460	-0.0415	 0.0399	 0.0002
Locus376	 0.0570	 0.0720	 0.0795	 0.0158	 0.2225	 0.0512	 0.2623
Locus377	 0.0256	 0.0333	 0.0368	 0.0079	 0.0534	 0.0239	 0.0760
Locus378	-0.0244	-0.0531	-0.0568	-0.0280	-0.1699	-0.0198	-0.1930
Locus379	 0.0135	 0.0158	 0.0177	 0.0023	 0.2875	 0.0053	 0.2913
Locus380	 0.0226	 0.0416	 0.0446	 0.0194	 0.3290	 0.0072	 0.3339
Locus381	 0.1063	 0.1681	 0.1805	 0.0691	-0.1868	 0.1157	-0.0495
Locus382	 0.0102	 0.0202	 0.0216	 0.0100	 0.3566	-0.0067	 0.3523
Locus383	 0.0796	 0.1392	 0.1489	 0.0647	 0.4266	 0.0634	 0.4630
Locus384	-0.0203	-0.0312	-0.0342	-0.0106	 0.1421	-0.0308	 0.1157
Locus385	 0.0652	 0.0868	 0.0952	 0.0231	 0.4958	 0.0521	 0.5221
Locus386	 0.0324	 0.0399	 0.0443	 0.0078	 0.5423	 0.0160	 0.5496
Locus387	 0.0227	 0.0259	 0.0290	 0.0032	 0.3203	 0.0115	 0.3281
Locus388	 0.0182	 0.0206	 0.0231	 0.0024	 0.3664	 0.0050	 0.3695
Locus389	 0.1325	 0.1578	 0.1734	 0.0292	 0.4221	 0.1398	 0.5029
Locus390	 0.0468	 0.0729	 0.0791	 0.0274	 0.0474	 0.0561	 0.1009
Locus391	 0.0166	 0.0199	 0.0222	 0.0033	 0.2244	 0.0052	 0.2284
Locus392	 0.0205	 0.0336	 0.0364	 0.0133	 0.4147	-0.0048	 0.4119
Locus393	 0.0091	 0.0113	 0.0125	 0.0022	 0.2903	-0.0020	 0.2888
Locus394	 0.0336	 0.0465	 0.0511	 0.0134	-0.1300	 0.0396	-0.0853
Locus395	-0.0042	-0.0049	-0.0055	-0.0007	 0.6575	-0.0461	 0.6417
Locus396	 0.0557	 0.0816	 0.0888	 0.0274	 0.3641	 0.0443	 0.3922
Locus397	-0.0093	-0.0123	-0.0137	-0.0030	 0.1699	-0.0180	 0.1549
Locus398	 0.0401	 0.0692	 0.0745	 0.0303	 0.2296	 0.0310	 0.2535
Locus399	 0.0272	 0.0555	 0.0591	 0.0291	 0.1551	 0.0235	 0.1749
Locus400	 0.0680	 0.1151	 0.1236	 0.0505	 0.2341	 0.0703	 0.2879
Locus401	 0.0151	 0.0252	 0.0273	 0.0102	-0.0378	 0.0225	-0.0145
Locus402	 0.1128	 0.2077	 0.2203	 0.1070	-0.0001	 0.1307	 0.1306
Locus403	-0.0078	-0.0095	-0.0106	-0.0017	 0.2167	-0.0198	 0.2012
Locus404	 0.0023	 0.0047	 0.0050	 0.0024	-0.1623	 0.0101	-0.1506
Locus405	 0.0450	 0.0861	 0.0920	 0.0430	 0.4929	 0.0091	 0.4975
Locus406	 0.4020	 0.5018	 0.5288	 0.1669	 0.2839	 0.4296	 0.5916
Locus407	 0.0218	 0.0428	 0.0457	 0.0214	 0.1666	 0.0127	 0.1772
Locus408	-0.0026	-0.0041	-0.0045	-0.0015	-0.1269	 0.0050	-0.1212
Locus409	 0.0786	 0.1539	 0.1632	 0.0817	 0.6398	 0.0534	 0.6590
Locus410	 0.1220	 0.1559	 0.1703	 0.0386	 0.5427	 0.1062	 0.5913
Locus411	 0.0058	 0.0068	 0.0077	 0.0010	 0.4315	-0.0183	 0.4211
Locus412	 0.0517	 0.0625	 0.0694	 0.0114	-0.0084	 0.0587	 0.0507
Locus413	 0.0027	 0.0032	 0.0036	 0.0005	 0.0587	 0.0017	 0.0603
Locus414	 0.0927	 0.1812	 0.1919	 0.0975	-0.2031	 0.1101	-0.0707
Locus415	 0.0340	 0.0538	 0.0583	 0.0204	 0.0937	 0.0280	 0.1191
Locus416	 0.0366	 0.0737	 0.0786	 0.0386	 0.1410	 0.0418	 0.1769
Locus417	 0.0133	 0.0154	 0.0173	 0.0022	 0.5230	-0.0127	 0.5169
Locus418	 0.0744	 0.0886	 0.0982	 0.0154	 0.1224	 0.0765	 0.1895
Locus419	 0.0710	 0.0899	 0.0991	 0.0203	 0.1407	 0.0732	 0.2036
Locus420	 0.0130	 0.0205	 0.0223	 0.0075	 0.6803	-0.0137	 0.6759
Locus421	 0.0274	 0.0376	 0.0413	 0.0104	-0.0130	 0.0329	 0.0203
Locus422	 0.1217	 0.1766	 0.1906	 0.0625	 0.1987	 0.1280	 0.3013
Locus423	 0.0403	 0.0591	 0.0645	 0.0196	 0.4757	 0.0235	 0.4880
Locus424	 0.2356	 0.3315	 0.3533	 0.1255	 0.4822	 0.2492	 0.6112
Locus425	 0.0736	 0.1273	 0.1363	 0.0580	 0.2253	 0.0765	 0.2845
Locus426	-0.0056	-0.0073	-0.0081	-0.0017	-0.0143	-0.0049	-0.0193
Locus427	 0.0618	 0.0758	 0.0839	 0.0149	 0.0846	 0.0695	 0.1482
Locus428	 0.1301	 0.1622	 0.1775	 0.0369	-0.1776	 0.1597	 0.0104
Locus429	 0.1016	 0.1969	 0.2084	 0.1061	-0.1613	 0.1146	-0.0282
Locus430	 0.0373	 0.0768	 0.0817	 0.0410	 0.1768	 0.0272	 0.1992
Locus431	 0.0065	 0.0118	 0.0127	 0.0053	-0.1448	 0.0143	-0.1284
Locus432	 0.0633	 0.0785	 0.0868	 0.0163	-0.0697	 0.0786	 0.0144
Locus433	 0.0155	 0.0230	 0.0252	 0.0077	-0.0242	 0.0160	-0.0078
Locus434	 0.0277	 0.0417	 0.0455	 0.0144	 0.0954	 0.0263	 0.1192
Locus435	 0.0631	 0.0841	 0.0923	 0.0224	 0.0614	 0.0717	 0.1287
Locus436	-0.0230	-0.0330	-0.0364	-0.0098	 0.0841	-0.0297	 0.0569
Locus437	 0.0005	 0.0009	 0.0010	 0.0004	 0.4875	-0.0222	 0.4761
Locus438	 0.0459	 0.0640	 0.0701	 0.0190	 0.3468	 0.0297	 0.3662
Locus439	 0.0217	 0.0269	 0.0299	 0.0053	 0.1283	 0.0169	 0.1430
Locus440	-0.0103	-0.0142	-0.0157	-0.0038	 0.0432	-0.0135	 0.0304
Locus441	-0.0060	-0.0082	-0.0090	-0.0022	 0.1452	-0.0147	 0.1326
Locus442	 0.0234	 0.0268	 0.0301	 0.0036	 0.3231	 0.0061	 0.3273
Locus443	 0.1005	 0.1153	 0.1278	 0.0165	 0.5405	 0.0918	 0.5826
Locus444	 0.1457	 0.1883	 0.2048	 0.0499	 0.3686	 0.1494	 0.4630
Locus445	 0.0258	 0.0458	 0.0493	 0.0205	 0.0822	 0.0252	 0.1053
Locus446	 0.0614	 0.1238	 0.1314	 0.0665	 0.1816	 0.0618	 0.2322
Locus447	-0.0019	-0.0022	-0.0025	-0.0003	 0.1368	-0.0059	 0.1317
Locus448	-0.0118	-0.0172	-0.0189	-0.0053	-0.0284	-0.0092	-0.0378
Locus449	 0.0267	 0.0529	 0.0565	 0.0269	-0.1732	 0.0424	-0.1234
Locus450	-0.0208	-0.0239	-0.0269	-0.0029	 0.1811	-0.0322	 0.1547
Locus451	 0.0113	 0.0127	 0.0143	 0.0014	 0.4231	-0.0065	 0.4194
Locus452	-0.0139	-0.0303	-0.0324	-0.0162	 0.0584	-0.0171	 0.0423
Locus453	 0.1338	 0.1525	 0.1683	 0.0216	-0.0317	 0.1541	 0.1273
Locus454	 0.0358	 0.0716	 0.0763	 0.0371	-0.0860	 0.0465	-0.0354
Locus455	 0.0043	 0.0055	 0.0061	 0.0013	 0.4161	-0.0135	 0.4082
Locus456	 0.1014	 0.1427	 0.1549	 0.0460	-0.1682	 0.1162	-0.0325
Locus457	 0.3033	 0.3759	 0.4018	 0.1042	-0.1607	 0.3519	 0.2478
Locus458	 0.1183	 0.2105	 0.2237	 0.1046	 0.3419	 0.1269	 0.4254
Locus459	 0.0255	 0.0350	 0.0385	 0.0097	 0.2700	 0.0161	 0.2818
Locus460	 0.0529	 0.0955	 0.1023	 0.0449	 0.0607	 0.0554	 0.1127
Locus461	-0.0092	-0.0166	-0.0180	-0.0073	 0.5735	-0.0388	 0.5570
Locus462	 0.1025	 0.1395	 0.1519	 0.0413	 0.5687	 0.0984	 0.6112
Locus463	 0.0036	 0.0045	 0.0050	 0.0009	 0.0137	 0.0049	 0.0185
Locus464	-0.0039	-0.0047	-0.0052	-0.0008	 0.0835	-0.0091	 0.0751
Locus465	 0.0259	 0.0294	 0.0330	 0.0036	 0.1377	 0.0270	 0.1610
Locus466	 0.0010	 0.0011	 0.0013	 0.0002	 0.0803	-0.0051	 0.0756
Locus467	 0.0462	 0.0569	 0.0631	 0.0113	 0.3650	 0.0386	 0.3895
Locus468	 0.0560	 0.1069	 0.1140	 0.0539	 0.2674	 0.0417	 0.2980
Locus469	 0.0601	 0.0884	 0.0961	 0.0301	-0.0981	 0.0767	-0.0139
Locus470	-0.0297	-0.0475	-0.0520	-0.0173	-0.1010	-0.0285	-0.1324
Locus471	-0.0102	-0.0118	-0.0133	-0.0016	 0.1493	-0.0219	 0.1307
Locus472	 0.1610	 0.2007	 0.2186	 0.0473	 0.0819	 0.1643	 0.2328
Locus473	 0.0105	 0.0123	 0.0138	 0.0019	 0.5946	-0.0190	 0.5869
Locus474	 0.0764	 0.1021	 0.1118	 0.0278	 0.3960	 0.0554	 0.4295
Locus475	 0.0063	 0.0077	 0.0085	 0.0014	 0.0401	 0.0060	 0.0459
Locus476	 0.1042	 0.1585	 0.1708	 0.0606	 0.0946	 0.1066	 0.1911
Locus477	 0.0635	 0.0759	 0.0842	 0.0132	 0.5138	 0.0530	 0.5396
Locus478	 0.2193	 0.3577	 0.3772	 0.1773	 0.1637	 0.2439	 0.3677
Locus479	 0.0307	 0.0447	 0.0489	 0.0144	-0.0101	 0.0386	 0.0289
Locus480	 0.0136	 0.0160	 0.0179	 0.0024	 0.6507	-0.0190	 0.6440
Locus481	 0.0153	 0.0325	 0.0347	 0.0175	 0.2287	 0.0053	 0.2328
Locus482	 0.1161	 0.1359	 0.1500	 0.0223	 0.6116	 0.0934	 0.6478
Locus483	-0.0163	-0.0244	-0.0268	-0.0080	 0.2634	-0.0310	 0.2406
Locus484	 0.0770	 0.1457	 0.1550	 0.0745	 0.1844	 0.0816	 0.2510
Locus485	 0.0725	 0.1438	 0.1526	 0.0769	-0.1278	 0.0780	-0.0399
Locus486	-0.0033	-0.0044	-0.0049	-0.0011	 0.2873	-0.0203	 0.2728
Locus487	-0.0019	-0.0040	-0.0043	-0.0021	 0.3913	-0.0234	 0.3770
Locus488	-0.0119	-0.0189	-0.0206	-0.0069	-0.0373	-0.0128	-0.0506
Locus489	 0.1026	 0.1868	 0.1985	 0.0938	-0.0388	 0.1197	 0.0855
Locus490	 0.0025	 0.0038	 0.0042	 0.0013	 0.2302	-0.0117	 0.2212
Locus491	 0.0315	 0.0454	 0.0497	 0.0144	 0.3457	 0.0149	 0.3555
Locus492	 0.0502	 0.0574	 0.0641	 0.0077	-0.1257	 0.0597	-0.0585
Locus493	 0.0471	 0.0649	 0.0711	 0.0186	 0.2316	 0.0460	 0.2670
Locus494	 0.0047	 0.0093	 0.0100	 0.0046	 0.3658	-0.0147	 0.3565
Locus495	 0.0645	 0.0803	 0.0887	 0.0169	 0.6151	 0.0457	 0.6327
Locus496	 0.0266	 0.0292	 0.0329	 0.0026	-0.0701	 0.0308	-0.0372
Locus497	 0.0105	 0.0159	 0.0174	 0.0055	-0.0233	 0.0150	-0.0080
Locus498	-0.0319	-0.0577	-0.0626	-0.0251	 0.2209	-0.0469	 0.1844
Locus499	 0.0105	 0.0122	 0.0137	 0.0018	 0.6514	-0.0234	 0.6433
Locus500	 0.0637	 0.0833	 0.0916	 0.0209	 0.4949	 0.0404	 0.5153
Locus501	-0.0101	-0.0138	-0.0153	-0.0037	-0.0544	-0.0091	-0.0639
Locus502	 0.0994	 0.1913	 0.2026	 0.1020	 0.2776	 0.0894	 0.3422
Locus503	 0.0528	 0.0638	 0.0708	 0.0116	 0.7217	 0.0182	 0.7268
Locus504	 0.0312	 0.0374	 0.0417	 0.0065	 0.6878	 0.0122	 0.6916
Locus505	 0.0710	 0.0911	 0.1003	 0.0217	 0.6466	 0.0484	 0.6637
Locus506	 0.1602	 0.2369	 0.2539	 0.0913	 0.2198	 0.1671	 0.3502
Locus507	 0.1010	 0.1225	 0.1350	 0.0239	 0.4469	 0.0904	 0.4969
Locus508	 0.0290	 0.0604	 0.0643	 0.0324	-0.1714	 0.0407	-0.1238
Locus509	 0.0691	 0.1202	 0.1288	 0.0549	 0.3762	 0.0506	 0.4078
Locus510	 0.0367	 0.0448	 0.0498	 0.0084	 0.3240	 0.0375	 0.3493
Locus511	-0.0086	-0.0099	-0.0111	-0.0013	 0.3820	-0.0272	 0.3652
Locus512	-0.0062	-0.0109	-0.0118	-0.0047	 0.2450	-0.0215	 0.2288
Locus513	 0.2477	 0.3415	 0.3640	 0.1248	 0.4839	 0.2637	 0.6201
Locus514	 0.1001	 0.1654	 0.1772	 0.0726	 0.3329	 0.0962	 0.3971
Locus515	-0.0258	-0.0558	-0.0598	-0.0293	 0.1074	-0.0357	 0.0755
Locus516	 0.1272	 0.1358	 0.1512	 0.0099	 0.3105	 0.1223	 0.3949
Locus517	 0.0090	 0.0190	 0.0202	 0.0101	 0.0134	 0.0076	 0.0209
Locus518	 0.0899	 0.1022	 0.1136	 0.0135	 0.4823	 0.0774	 0.5224
Locus519	 0.1004	 0.1888	 0.2002	 0.0982	 0.5217	 0.0835	 0.5616
Locus520	 0.0787	 0.1095	 0.1194	 0.0335	 0.0658	 0.0873	 0.1474
Locus521	-0.0267	-0.0398	-0.0438	-0.0127	 0.2092	-0.0402	 0.1775
Locus522	 0.0728	 0.0879	 0.0973	 0.0164	 0.2696	 0.0704	 0.3210
Locus523	 0.0127	 0.0143	 0.0160	 0.0016	 0.6577	-0.0195	 0.6510
Locus524	 0.0055	 0.0085	 0.0093	 0.0030	-0.1074	 0.0137	-0.0922
Locus525	-0.0065	-0.0129	-0.0138	-0.0063	 0.3889	-0.0292	 0.3711
Locus526	-0.0141	-0.0189	-0.0210	-0.0048	-0.0385	-0.0149	-0.0539
Locus527	-0.0014	-0.0016	-0.0018	-0.0002	 0.4319	-0.0278	 0.4161
Locus528	 0.2744	 0.3520	 0.3765	 0.1070	 0.2171	 0.3020	 0.4536
Locus529	 0.0153	 0.0206	 0.0227	 0.0054	 0.5865	-0.0067	 0.5838
Locus530	 0.0474	 0.0965	 0.1026	 0.0515	 0.1442	 0.0477	 0.1851
Locus531	-0.0076	-0.0117	-0.0128	-0.0041	 0.0565	-0.0102	 0.0468
Locus532	 0.0144	 0.0170	 0.0190	 0.0026	 0.4261	-0.0094	 0.4207
Locus533	 0.0722	 0.0817	 0.0911	 0.0102	 0.0687	 0.0780	 0.1413
Locus534	 0.0561	 0.0664	 0.0738	 0.0110	 0.3566	 0.0471	 0.3869
Locus535	 0.0678	 0.0800	 0.0888	 0.0131	 0.5651	 0.0539	 0.5885
Locus536	 0.0211	 0.0284	 0.0313	 0.0075	 0.1234	 0.0197	 0.1406
Locus537	 0.0054	 0.0065	 0.0072	 0.0011	 0.2089	-0.0073	 0.2032
Locus538	 0.0945	 0.1352	 0.1467	 0.0449	 0.5265	 0.0948	 0.5714
Locus539	-0.0088	-0.0107	-0.0120	-0.0019	 0.0664	-0.0099	 0.0572
Locus540	 0.0105	 0.0122	 0.0137	 0.0017	 0.1214	 0.0124	 0.1323
Locus541	-0.0258	-0.0444	-0.0483	-0.0181	 0.2325	-0.0401	 0.2016
Locus542	 0.0226	 0.0443	 0.0473	 0.0222	-0.2864	 0.0417	-0.2328
Locus543	 0.0399	 0.0510	 0.0564	 0.0116	 0.4294	 0.0189	 0.4402
Locus544	 0.1052	 0.1190	 0.1320	 0.0154	 0.0205	 0.1279	 0.1458
Locus545	 0.0124	 0.0144	 0.0161	 0.0020	 0.1054	 0.0091	 0.1136
Locus546	-0.0351	-0.0735	-0.0789	-0.0371	 0.3441	-0.0574	 0.3064
Locus547	 0.0573	 0.0710	 0.0785	 0.0145	 0.0740	 0.0593	 0.1289
Locus548	 0.1145	 0.1335	 0.1474	 0.0215	 0.6644	 0.0904	 0.6947
Locus549	 0.0418	 0.0723	 0.0778	 0.0318	-0.1158	 0.0547	-0.0547
Locus550	 0.0312	 0.0607	 0.0649	 0.0305	 0.1781	 0.0307	 0.2034
Locus551	 0.0368	 0.0400	 0.0450	 0.0033	 0.2394	 0.0319	 0.2636
Locus552	 0.0642	 0.1063	 0.1144	 0.0450	 0.1130	 0.0726	 0.1774
Locus553	 0.2243	 0.3620	 0.3818	 0.1775	 0.4126	 0.2311	 0.5483
Locus554	 0.0763	 0.1214	 0.1308	 0.0488	 0.2649	 0.0723	 0.3180
Locus555	 0.0328	 0.0606	 0.0649	 0.0287	 0.0646	 0.0396	 0.1017
Locus556	-0.0129	-0.0273	-0.0292	-0.0142	 0.2778	-0.0297	 0.2564
Locus557	 0.0722	 0.1379	 0.1467	 0.0708	 0.2698	 0.0677	 0.3192
Locus558	-0.0021	-0.0038	-0.0041	-0.0017	-0.1903	 0.0055	-0.1837
Locus559	 0.0363	 0.0514	 0.0563	 0.0157	 0.3284	 0.0251	 0.3453
Locus560	 0.0151	 0.0305	 0.0326	 0.0156	 0.1153	-0.0018	 0.1138
Locus561	 0.1133	 0.1296	 0.1435	 0.0184	 0.0275	 0.1216	 0.1457
Locus562	 0.0481	 0.0547	 0.0612	 0.0069	 0.3017	 0.0389	 0.3289
Locus563	 0.0516	 0.1025	 0.1091	 0.0537	 0.3632	 0.0432	 0.3907
Locus564	-0.0074	-0.0105	-0.0116	-0.0031	-0.0014	-0.0091	-0.0105
Locus565	 0.0488	 0.0556	 0.0622	 0.0071	 0.5631	 0.0402	 0.5807
Locus566	 0.0234	 0.0483	 0.0515	 0.0255	 0.1291	 0.0215	 0.1479
Locus567	 0.0376	 0.0449	 0.0500	 0.0076	 0.1777	 0.0358	 0.2071
Locus568	 0.0998	 0.1456	 0.1576	 0.0508	 0.5012	 0.0824	 0.5423
Locus569	 0.0943	 0.1791	 0.1900	 0.0937	 0.5137	 0.0799	 0.5525
Locus570	 0.0264	 0.0401	 0.0437	 0.0140	 0.2266	 0.0216	 0.2433
Locus571	-0.0221	-0.0408	-0.0441	-0.0182	 0.2846	-0.0392	 0.2566
Locus572	 0.0457	 0.0936	 0.0995	 0.0502	 0.2147	 0.0438	 0.2491
Locus573	 0.0175	 0.0194	 0.0218	 0.0020	 0.2105	 0.0122	 0.2201
Locus574	 0.1039	 0.1163	 0.1292	 0.0138	 0.7724	 0.0842	 0.7915
Locus575	-0.0056	-0.0063	-0.0071	-0.0008	 0.1665	-0.0117	 0.1567
Locus576	 0.0044	 0.0095	 0.0101	 0.0051	-0.0959	 0.0095	-0.0855
Locus577	 0.0544	 0.0616	 0.0688	 0.0077	 0.2978	 0.0443	 0.3289
Locus578	 0.0863	 0.1448	 0.1552	 0.0639	 0.2649	 0.0810	 0.3245
Locus579	 0.0104	 0.0123	 0.0137	 0.0019	 0.0708	 0.0065	 0.0768
Locus580	 0.0019	 0.0022	 0.0025	 0.0002	 0.1847	-0.0031	 0.1822
Locus581	 0.0773	 0.1321	 0.1416	 0.0594	 0.4217	 0.0741	 0.4646
Locus582	 0.0245	 0.0390	 0.0423	 0.0149	-0.0446	 0.0365	-0.0065
Locus583	 0.0034	 0.0040	 0.0044	 0.0006	 0.0925	 0.0013	 0.0937
Locus584	 0.1167	 0.2016	 0.2146	 0.0961	 0.2296	 0.1208	 0.3227
Locus585	 0.0249	 0.0297	 0.0331	 0.0049	 0.2409	 0.0203	 0.2563
Locus586	-0.0023	-0.0038	-0.0041	-0.0015	 0.3276	-0.0177	 0.3158
Locus587	 0.1209	 0.1393	 0.1539	 0.0209	 0.8041	 0.1032	 0.8243
Locus588	 0.0579	 0.1162	 0.1234	 0.0619	 0.0495	 0.0662	 0.1124
Locus589	 0.0717	 0.1373	 0.1460	 0.0706	 0.5146	 0.0532	 0.5405
Locus590	 0.1301	 0.1704	 0.1855	 0.0464	 0.2915	 0.1318	 0.3848
Locus591	 0.0483	 0.0747	 0.0811	 0.0278	 0.1522	 0.0463	 0.1914
Locus592	 0.0390	 0.0642	 0.0694	 0.0262	 0.1004	 0.0364	 0.1331
Locus593	 0.0317	 0.0451	 0.0494	 0.0138	 0.1813	 0.0307	 0.2065
Locus594	-0.0094	-0.0178	-0.0192	-0.0083	 0.4114	-0.0348	 0.3910
Locus595	 0.0596	 0.0891	 0.0967	 0.0313	 0.4667	 0.0411	 0.4887
Locus596	-0.0117	-0.0252	-0.0269	-0.0133	 0.0004	-0.0113	-0.0109
Locus597	-0.0208	-0.0316	-0.0347	-0.0105	-0.0504	-0.0217	-0.0732
Locus598	 0.0503	 0.0679	 0.0746	 0.0186	 0.2592	 0.0405	 0.2892
Locus599	 0.0052	 0.0085	 0.0092	 0.0034	 0.0706	 0.0002	 0.0708
Locus600	-0.0298	-0.0377	-0.0421	-0.0077	 0.1703	-0.0426	 0.1349
Locus601	 0.0471	 0.0595	 0.0657	 0.0130	 0.0869	 0.0444	 0.1274
Locus602	 0.1225	 0.1629	 0.1773	 0.0460	 0.7416	 0.1080	 0.7695
Locus603	-0.0244	-0.0418	-0.0454	-0.0169	 0.0078	-0.0285	-0.0205
Locus604	 0.0241	 0.0278	 0.0311	 0.0038	 0.5164	 0.0076	 0.5201
Locus605	 0.0130	 0.0167	 0.0186	 0.0038	 0.1917	 0.0071	 0.1974
Locus606	 0.1505	 0.2100	 0.2266	 0.0700	 0.5384	 0.1388	 0.6025
Locus607	 0.1656	 0.3006	 0.3168	 0.1618	-0.0649	 0.1815	 0.1284
Locus608	 0.0054	 0.0073	 0.0081	 0.0020	 0.2875	-0.0090	 0.2811
Locus609	 0.0363	 0.0752	 0.0800	 0.0404	-0.0912	 0.0390	-0.0487
Locus610	 0.0059	 0.0080	 0.0089	 0.0022	-0.0760	 0.0139	-0.0611
Locus611	 0.0298	 0.0553	 0.0593	 0.0262	 0.4668	 0.0111	 0.4727
Locus612	 0.0207	 0.0293	 0.0322	 0.0088	 0.3432	 0.0027	 0.3450
Locus613	 0.0599	 0.0731	 0.0810	 0.0141	 0.1268	 0.0644	 0.1830
Locus614	 0.0060	 0.0071	 0.0080	 0.0011	 0.2317	-0.0024	 0.2299
Locus615	 0.0716	 0.0992	 0.1083	 0.0297	 0.5224	 0.0608	 0.5514
Locus616	 0.0065	 0.0096	 0.0105	 0.0031	 0.0135	 0.0045	 0.0179
Locus617	 0.0190	 0.0238	 0.0265	 0.0049	 0.1321	 0.0093	 0.1402
Locus618	 0.3596	 0.4387	 0.4661	 0.1235	-0.1026	 0.3997	 0.3381
Locus619	 0.1019	 0.1671	 0.1791	 0.0725	 0.0914	 0.1111	 0.1924
Locus620	 0.0154	 0.0198	 0.0220	 0.0044	 0.4757	-0.0035	 0.4739
Locus621	 0.0418	 0.0473	 0.0530	 0.0058	 0.1030	 0.0390	 0.1380
Locus622	 0.0121	 0.0142	 0.0159	 0.0021	 0.4691	-0.0043	 0.4668
Locus623	 0.0292	 0.0329	 0.0369	 0.0038	 0.6512	-0.0010	 0.6508
Locus624	 0.0264	 0.0387	 0.0423	 0.0126	 0.0695	 0.0290	 0.0964
Locus625	-0.0149	-0.0205	-0.0227	-0.0056	-0.0541	-0.0135	-0.0683
Locus626	 0.0760	 0.1017	 0.1113	 0.0278	 0.2710	 0.0807	 0.3299
Locus627	 0.1046	 0.1481	 0.1607	 0.0486	 0.7042	 0.0849	 0.7293
Locus628	 0.0654	 0.1206	 0.1287	 0.0591	 0.1073	 0.0774	 0.1764
Locus629	 0.1265	 0.2165	 0.2304	 0.1030	 0.2108	 0.1425	 0.3233
Locus630	-0.0119	-0.0184	-0.0202	-0.0065	-0.0844	-0.0100	-0.0953
Locus631	 0.0062	 0.0082	 0.0091	 0.0020	 0.0520	 0.0078	 0.0593
Locus632	 0.0520	 0.0562	 0.0632	 0.0045	 0.5454	 0.0295	 0.5588
Locus633	 0.0555	 0.0621	 0.0695	 0.0070	 0.3429	 0.0451	 0.3725
Locus634	 0.0094	 0.0168	 0.0181	 0.0074	 0.4488	-0.0111	 0.4426
Locus635	 0.1836	 0.3293	 0.3464	 0.1785	 0.0831	 0.1611	 0.2307
Locus636	 0.0002	 0.0002	 0.0003	 0.0001	-0.0045	 0.0036	-0.0009
Locus637	 0.0635	 0.0946	 0.1027	 0.0331	 0.4417	 0.0363	 0.4620
Locus638	-0.0287	-0.0526	-0.0569	-0.0232	 0.0860	-0.0375	 0.0517
Locus639	 0.0056	 0.0119	 0.0127	 0.0064	 0.4877	-0.0178	 0.4785
Locus640	 0.0155	 0.0175	 0.0196	 0.0020	 0.5842	-0.0143	 0.5782
Locus641	 0.0196	 0.0357	 0.0383	 0.0164	 0.2870	 0.0083	 0.2929
Locus642	-0.0160	-0.0273	-0.0297	-0.0112	-0.0824	-0.0130	-0.0965
Locus643	 0.0089	 0.0184	 0.0197	 0.0096	 0.1555	 0.0052	 0.1599
Locus644	 0.0805	 0.1060	 0.1161	 0.0278	 0.3064	 0.0748	 0.3583
Locus645	 0.0141	 0.0248	 0.0268	 0.0109	 0.0831	 0.0088	 0.0911
Locus646	 0.0128	 0.0141	 0.0159	 0.0014	 0.2155	 0.0055	 0.2199
Locus647	 0.0071	 0.0151	 0.0161	 0.0080	 0.2025	-0.0012	 0.2015
Locus648	 0.0419	 0.0468	 0.0525	 0.0052	 0.1601	 0.0357	 0.1901
Locus649	 0.1223	 0.1904	 0.2043	 0.0776	 0.2435	 0.1348	 0.3454
Locus650	 0.1118	 0.2043	 0.2168	 0.1041	 0.3343	 0.1020	 0.4021
Locus651	 0.1019	 0.1651	 0.1771	 0.0704	 0.1917	 0.1035	 0.2753
Locus652	 0.0932	 0.1053	 0.1170	 0.0133	 0.0581	 0.1131	 0.1646
Locus653	 0.0228	 0.0260	 0.0291	 0.0033	 0.1432	 0.0200	 0.1604
Locus654	 0.0871	 0.1141	 0.1250	 0.0295	 0.3751	 0.0816	 0.4261
Locus655	-0.0194	-0.0297	-0.0325	-0.0101	-0.0696	-0.0165	-0.0872
Locus656	 0.0243	 0.0314	 0.0348	 0.0074	 0.3453	 0.0091	 0.3513
Locus657	-0.0140	-0.0177	-0.0197	-0.0037	 0.1679	-0.0191	 0.1521
Locus658	 0.1662	 0.2059	 0.2243	 0.0475	 0.0578	 0.1880	 0.2349
Locus659	 0.0008	 0.0010	 0.0011	 0.0002	 0.1433	-0.0040	 0.1399
Locus660	 0.0147	 0.0173	 0.0194	 0.0026	 0.4683	-0.0054	 0.4655
Locus661	 0.0437	 0.0576	 0.0635	 0.0145	 0.3601	 0.0343	 0.3820
Locus662	 0.1490	 0.1986	 0.2153	 0.0583	 0.2287	 0.1423	 0.3385
Locus663	 0.0271	 0.0339	 0.0376	 0.0069	 0.5894	-0.0040	 0.5878
Locus664	 0.0417	 0.0493	 0.0549	 0.0080	 0.5011	 0.0357	 0.5189
Locus665	 0.0481	 0.0581	 0.0645	 0.0105	 0.1779	 0.0377	 0.2088
Locus666	 0.1760	 0.2446	 0.2631	 0.0833	 0.4510	 0.1865	 0.5534
Locus667	-0.0231	-0.0454	-0.0488	-0.0218	 0.1802	-0.0342	 0.1521
Locus668	 0.1030	 0.1383	 0.1508	 0.0394	 0.5708	 0.0956	 0.6118
Locus669	 0.0180	 0.0222	 0.0247	 0.0043	 1.0000	-0.0412	 1.0000
Locus670	 0.0244	 0.0274	 0.0307	 0.0030	 0.4152	 0.0034	 0.4171
Locus671	 0.0899	 0.1734	 0.1839	 0.0918	 0.2614	 0.0982	 0.3340
Locus672	-0.0128	-0.0240	-0.0259	-0.0111	-0.0377	-0.0099	-0.0480
Locus673	-0.0085	-0.0145	-0.0158	-0.0060	-0.0255	-0.0066	-0.0322
Locus674	 0.0421	 0.0512	 0.0569	 0.0095	 0.4051	 0.0281	 0.4219
Locus675	 0.0108	 0.0131	 0.0146	 0.0023	 0.6444	-0.0244	 0.6357
Locus676	 0.1167	 0.1444	 0.1585	 0.0314	 0.2723	 0.1255	 0.3637
Locus677	 0.1876	 0.2384	 0.2583	 0.0625	-0.0801	 0.2188	 0.1563
Locus678	-0.0363	-0.0707	-0.0762	-0.0332	 0.1513	-0.0485	 0.1102
Locus679	 0.0639	 0.1007	 0.1088	 0.0393	 0.0800	 0.0682	 0.1428
Locus680	-0.0001	-0.0001	-0.0001	 0.0000	 0.0622	 0.0019	 0.0640
Locus681	 0.0220	 0.0286	 0.0317	 0.0067	 0.5526	-0.0030	 0.5513
Locus682	-0.0005	-0.0006	-0.0007	-0.0001	 0.2472	-0.0104	 0.2394
Locus683	 0.1534	 0.1788	 0.1964	 0.0300	 0.4593	 0.1617	 0.5468
Locus684	-0.0052	-0.0113	-0.0120	-0.0060	 0.2902	-0.0201	 0.2759
Locus685	 0.0255	 0.0295	 0.0330	 0.0040	 0.3155	 0.0139	 0.3250
Locus686	-0.0103	-0.0166	-0.0181	-0.0063	-0.0709	-0.0074	-0.0789
Locus687	 0.0136	 0.0154	 0.0173	 0.0018	-0.0724	 0.0201	-0.0508
Locus688	 0.0001	 0.0001	 0.0001	 0.0000	 0.1918	-0.0103	 0.1835
Locus689	 0.0147	 0.0298	 0.0319	 0.0154	 0.0167	 0.0191	 0.0355
Locus690	 0.0667	 0.0793	 0.0879	 0.0135	 0.3430	 0.0641	 0.3851
Locus691	 0.0103	 0.0166	 0.0180	 0.0064	 0.2601	-0.0004	 0.2598
Locus692	 0.0526	 0.0756	 0.0825	 0.0243	-0.0180	 0.0545	 0.0375
Locus693	 0.0997	 0.1401	 0.1522	 0.0449	 0.6326	 0.0778	 0.6612
Locus694	 0.0969	 0.1654	 0.1768	 0.0759	 0.4475	 0.0901	 0.4973
Locus695	 0.0628	 0.0703	 0.0785	 0.0080	 0.1346	 0.0641	 0.1901
Locus696	 0.0457	 0.0931	 0.0990	 0.0497	-0.0336	 0.0486	 0.0166
Locus697	 0.0644	 0.1192	 0.1272	 0.0585	 0.6982	 0.0408	 0.7105
Locus698	 0.0002	 0.0002	 0.0002	 0.0000	 0.3792	-0.0205	 0.3665
Locus699	-0.0146	-0.0253	-0.0274	-0.0105	-0.2127	-0.0056	-0.2194
Locus700	 0.0450	 0.0534	 0.0594	 0.0088	 0.0253	 0.0567	 0.0806
Locus701	 0.0141	 0.0222	 0.0242	 0.0082	 0.3814	-0.0007	 0.3809
Locus702	 0.0029	 0.0047	 0.0051	 0.0018	-0.0559	 0.0060	-0.0496
Locus703	 0.0366	 0.0757	 0.0805	 0.0406	-0.0793	 0.0410	-0.0351
Locus704	 0.0256	 0.0479	 0.0513	 0.0228	 0.1948	 0.0148	 0.2067
Locus705	 0.0991	 0.1144	 0.1268	 0.0170	 0.0114	 0.1144	 0.1245
Locus706	 0.1736	 0.1950	 0.2145	 0.0259	 0.3685	 0.1752	 0.4791
Locus707	 0.1052	 0.1478	 0.1604	 0.0476	 0.1872	 0.1067	 0.2739
Locus708	 0.1663	 0.3007	 0.3169	 0.1613	 0.2181	 0.1626	 0.3452
Locus709	 0.0055	 0.0063	 0.0070	 0.0008	 0.6603	-0.0298	 0.6502
Locus710	 0.1080	 0.1308	 0.1440	 0.0256	 0.6061	 0.0861	 0.6400
Locus711	 0.0842	 0.0928	 0.1036	 0.0094	 0.1179	 0.0873	 0.1949
Locus712	-0.0228	-0.0331	-0.0364	-0.0100	-0.0837	-0.0216	-0.1071
Locus713	 0.0749	 0.1458	 0.1549	 0.0767	-0.1442	 0.0813	-0.0511
Locus714	 0.0241	 0.0376	 0.0409	 0.0138	 0.5149	-0.0024	 0.5138
Locus715	 0.0112	 0.0129	 0.0145	 0.0017	 0.1264	 0.0099	 0.1351
Locus716	 0.0090	 0.0104	 0.0117	 0.0014	 0.2941	-0.0077	 0.2886
Locus717	 0.0529	 0.0636	 0.0706	 0.0113	 0.1391	 0.0531	 0.1848
Locus718	 0.0726	 0.0829	 0.0923	 0.0111	 0.0467	 0.0768	 0.1199
Locus719	 0.0194	 0.0338	 0.0365	 0.0147	 0.3086	 0.0100	 0.3155
Locus720	 0.2675	 0.3503	 0.3742	 0.1130	 0.0879	 0.3011	 0.3625
Locus721	 0.1799	 0.2570	 0.2757	 0.0940	 0.6504	 0.1776	 0.7125
Locus722	 0.0671	 0.0831	 0.0918	 0.0172	 0.0809	 0.0614	 0.1374
Locus723	-0.0132	-0.0194	-0.0213	-0.0061	 0.0725	-0.0169	 0.0568
Locus724	 0.0364	 0.0410	 0.0460	 0.0048	 0.1579	 0.0374	 0.1894
Locus725	 0.1323	 0.1504	 0.1661	 0.0209	 0.2214	 0.1456	 0.3348
Locus726	-0.0122	-0.0162	-0.0179	-0.0039	 0.0854	-0.0165	 0.0703
Locus727	 0.1775	 0.2888	 0.3064	 0.1353	 0.4966	 0.1775	 0.5859
Locus728	 0.0123	 0.0159	 0.0176	 0.0036	 0.0932	 0.0107	 0.1029
Locus729	 0.2096	 0.2726	 0.2937	 0.0796	 0.5639	 0.2166	 0.6584
Locus730	 0.0296	 0.0591	 0.0631	 0.0304	-0.1595	 0.0417	-0.1112
Locus731	-0.0139	-0.0177	-0.0197	-0.0037	 0.2581	-0.0273	 0.2379
Locus732	 0.0764	 0.1258	 0.1352	 0.0535	 0.0196	 0.0878	 0.1057
Locus733	 0.0275	 0.0323	 0.0361	 0.0049	 0.0703	 0.0245	 0.0931
Locus734	-0.0063	-0.0077	-0.0086	-0.0014	 0.0666	-0.0124	 0.0550
Locus735	 0.0350	 0.0687	 0.0733	 0.0349	 0.4267	 0.0232	 0.4401
Locus736	 0.0446	 0.0547	 0.0607	 0.0106	 0.1222	 0.0497	 0.1658
Locus737	 0.0594	 0.0684	 0.0762	 0.0095	 0.6333	 0.0372	 0.6469
Locus738	 0.0135	 0.0244	 0.0263	 0.0110	 0.2814	 0.0027	 0.2833
Locus739	 0.0540	 0.0638	 0.0710	 0.0104	 0.1933	 0.0463	 0.2306
Locus740	 0.0374	 0.0517	 0.0567	 0.0148	-0.0483	 0.0418	-0.0045
Locus741	 0.0187	 0.0386	 0.0411	 0.0202	 0.3899	 0.0038	 0.3922
Locus742	-0.0206	-0.0325	-0.0355	-0.0116	 0.5079	-0.0525	 0.4821
Locus743	-0.0010	-0.0018	-0.0019	-0.0008	-0.1208	 0.0046	-0.1156
Locus744	-0.0144	-0.0218	-0.0239	-0.0073	 0.2557	-0.0275	 0.2352
Locus745	 0.1471	 0.1935	 0.2101	 0.0544	 0.3041	 0.1529	 0.4104
Locus746	 0.1690	 0.1982	 0.2171	 0.0351	 0.2608	 0.1846	 0.3973
Locus747	 0.0141	 0.0241	 0.0260	 0.0101	-0.0662	 0.0217	-0.0431
Locus748	 0.0186	 0.0367	 0.0393	 0.0185	 0.2936	 0.0039	 0.2964
Locus749	 0.2455	 0.3623	 0.3839	 0.1548	 0.2842	 0.2551	 0.4668
Locus750	 0.0611	 0.0758	 0.0838	 0.0157	 0.0642	 0.0691	 0.1288
Locus751	 0.0178	 0.0201	 0.0226	 0.0024	 0.5834	-0.0135	 0.5777
Locus752	 0.0023	 0.0050	 0.0053	 0.0027	 0.1812	-0.0123	 0.1712
Locus753	 0.0649	 0.1201	 0.1281	 0.0589	 0.4660	 0.0492	 0.4923
Locus754	 0.0471	 0.0645	 0.0707	 0.0182	 0.5063	 0.0293	 0.5208
Locus755	 0.0040	 0.0045	 0.0051	 0.0005	 0.1617	-0.0044	 0.1580
Locus756	 0.0429	 0.0873	 0.0929	 0.0464	 0.0445	 0.0480	 0.0903
Locus757	-0.0034	-0.0051	-0.0055	-0.0017	 0.3625	-0.0212	 0.3490
Locus758	 0.0019	 0.0039	 0.0041	 0.0020	 0.1398	-0.0083	 0.1327
Locus759	 0.0656	 0.1061	 0.1144	 0.0434	 0.4296	 0.0540	 0.4604
Locus760	 0.0199	 0.0377	 0.0405	 0.0182	 0.2053	 0.0139	 0.2163
Locus761	 0.0425	 0.0612	 0.0669	 0.0195	 0.0523	 0.0487	 0.0985
Locus762	-0.0243	-0.0357	-0.0393	-0.0112	 0.4670	-0.0506	 0.4400
Locus763	 0.0694	 0.0917	 0.1006	 0.0239	 0.0637	 0.0710	 0.1302
Locus764	 0.0064	 0.0085	 0.0094	 0.0021	-0.0562	 0.0124	-0.0431
Locus765	-0.0075	-0.0096	-0.0107	-0.0021	 0.3706	-0.0263	 0.3540
Locus766	 0.1056	 0.1391	 0.1519	 0.0375	 0.4396	 0.1017	 0.4966
Locus767	 0.0082	 0.0121	 0.0132	 0.0039	 0.3622	-0.0082	 0.3569
Locus768	-0.0046	-0.0055	-0.0062	-0.0009	 0.0829	-0.0094	 0.0743
Locus769	 0.0690	 0.0920	 0.1009	 0.0247	-0.1510	 0.0858	-0.0522
Locus770	 0.0196	 0.0398	 0.0425	 0.0206	 0.5298	-0.0022	 0.5288
Locus771	 0.0187	 0.0313	 0.0339	 0.0128	-0.0670	 0.0225	-0.0430
Locus772	 0.0002	 0.0003	 0.0003	 0.0001	 0.2662	-0.0113	 0.2579
Locus773	 0.0825	 0.1450	 0.1549	 0.0681	 0.1680	 0.0782	 0.2330
Locus774	 0.0811	 0.0912	 0.1016	 0.0110	 0.8773	 0.0599	 0.8847
Locus775	 0.0947	 0.1542	 0.1655	 0.0657	 0.4505	 0.0820	 0.4956
Locus776	-0.0142	-0.0273	-0.0294	-0.0129	 0.2043	-0.0246	 0.1847
Locus777	 0.0581	 0.0637	 0.0714	 0.0059	 0.5412	 0.0387	 0.5589
Locus778	 0.0726	 0.0918	 0.1012	 0.0208	 0.1649	 0.0712	 0.2243
Locus779	-0.0234	-0.0302	-0.0336	-0.0066	 0.5275	-0.0533	 0.5023
Locus780	 0.0319	 0.0392	 0.0435	 0.0075	 0.4891	 0.0113	 0.4949
Locus781	 0.0103	 0.0159	 0.0174	 0.0057	 0.4003	-0.0064	 0.3964
Locus782	 0.0566	 0.0659	 0.0733	 0.0098	 0.2224	 0.0521	 0.2629
Locus783	 0.0835	 0.1178	 0.1282	 0.0374	 0.2222	 0.0861	 0.2891
Locus784	 0.0849	 0.1472	 0.1574	 0.0681	 0.3380	 0.0757	 0.3881
Locus785	 0.0117	 0.0175	 0.0192	 0.0059	-0.1775	 0.0217	-0.1520
Locus786	 0.0111	 0.0169	 0.0184	 0.0058	 0.3909	-0.0096	 0.3851
Locus787	 0.0620	 0.0719	 0.0800	 0.0105	 0.3954	 0.0528	 0.4273
Locus788	 0.0243	 0.0397	 0.0430	 0.0158	 0.4549	 0.0029	 0.4564
Locus789	-0.0072	-0.0082	-0.0092	-0.0010	 0.1691	-0.0153	 0.1564
Locus790	 0.1991	 0.3315	 0.3500	 0.1654	-0.0448	 0.2291	 0.1946
Locus791	 0.0347	 0.0403	 0.0450	 0.0058	 0.4573	 0.0229	 0.4697
Locus792	 0.1141	 0.1908	 0.2038	 0.0865	 0.2075	 0.1233	 0.3052
Locus793	-0.0128	-0.0276	-0.0295	-0.0147	 0.5218	-0.0406	 0.5024
Locus794	 0.0876	 0.0981	 0.1092	 0.0115	 0.7764	 0.0687	 0.7918
Locus795	 0.1033	 0.1256	 0.1383	 0.0248	 0.3591	 0.1040	 0.4258
Locus796	 0.0001	 0.0002	 0.0002	 0.0001	 0.3484	-0.0153	 0.3384
Locus797	-0.0067	-0.0104	-0.0114	-0.0037	 0.3019	-0.0215	 0.2869
Locus798	 0.1247	 0.1517	 0.1666	 0.0308	 0.6025	 0.0976	 0.6413
Locus799	 0.0939	 0.1250	 0.1366	 0.0343	 0.2690	 0.0893	 0.3343
Locus800	 0.0887	 0.1738	 0.1841	 0.0933	 0.1344	 0.0898	 0.2121
Locus801	 0.0302	 0.0439	 0.0480	 0.0141	 0.2311	 0.0180	 0.2449
Locus802	 0.0082	 0.0175	 0.0187	 0.0094	 0.1858	 0.0015	 0.1871
Locus803	 0.0583	 0.0941	 0.1015	 0.0380	 0.4162	 0.0491	 0.4449
Locus804	 0.1215	 0.1552	 0.1697	 0.0384	 0.5831	 0.1045	 0.6267
Locus805	 0.0298	 0.0354	 0.0395	 0.0058	 0.8473	-0.0108	 0.8457
Locus806	 0.0499	 0.0727	 0.0792	 0.0239	 0.2858	 0.0501	 0.3216
Locus807	 0.0673	 0.0781	 0.0869	 0.0116	 0.0437	 0.0801	 0.1203
Locus808	 0.0245	 0.0416	 0.0449	 0.0175	 0.2015	 0.0119	 0.2110
Locus809	 0.1387	 0.2542	 0.2687	 0.1342	 0.1496	 0.1579	 0.2839
Locus810	 0.1325	 0.1585	 0.1741	 0.0299	 0.0519	 0.1519	 0.1958
Locus811	 0.1351	 0.1590	 0.1749	 0.0276	 0.1349	 0.1570	 0.2708
Locus812	 0.0216	 0.0300	 0.0330	 0.0086	-0.0225	 0.0286	 0.0067
Locus813	 0.0468	 0.0563	 0.0626	 0.0100	 0.1441	 0.0501	 0.1870
Locus814	-0.0229	-0.0366	-0.0400	-0.0134	 0.2435	-0.0377	 0.2149
Locus815	 0.0381	 0.0419	 0.0471	 0.0040	 0.1942	 0.0362	 0.2234
Locus816	 0.1444	 0.2600	 0.2750	 0.1352	 0.2778	 0.1540	 0.3890
Locus817	 0.1049	 0.1279	 0.1408	 0.0257	 0.6510	 0.0829	 0.6799
Locus818	 0.0760	 0.0870	 0.0968	 0.0119	 0.4915	 0.0593	 0.5217
Locus819	 0.0606	 0.0932	 0.1010	 0.0347	 0.1817	 0.0536	 0.2255
Locus820	 0.0233	 0.0406	 0.0437	 0.0177	-0.0310	 0.0266	-0.0036
Locus821	 0.0114	 0.0138	 0.0154	 0.0025	 0.4976	-0.0162	 0.4895
Locus822	 0.1021	 0.1234	 0.1360	 0.0237	 0.2407	 0.1121	 0.3258
Locus823	 0.0043	 0.0068	 0.0074	 0.0025	 0.0669	 0.0056	 0.0721
Locus824	 0.1489	 0.2680	 0.2832	 0.1399	 0.4609	 0.1642	 0.5495
Locus825	 0.0309	 0.0574	 0.0616	 0.0274	-0.1775	 0.0463	-0.1230
Locus826	 0.0845	 0.1656	 0.1756	 0.0886	 0.2929	 0.0817	 0.3506
Locus827	 0.0307	 0.0412	 0.0454	 0.0109	 0.5137	 0.0086	 0.5178
Locus828	 0.0487	 0.0602	 0.0667	 0.0120	 0.4030	 0.0309	 0.4215
Locus829	 0.1677	 0.2211	 0.2393	 0.0642	 0.2452	 0.1840	 0.3841
Locus830	 0.0995	 0.1268	 0.1391	 0.0304	 0.2342	 0.0994	 0.3104
Locus831	-0.0026	-0.0033	-0.0037	-0.0007	 0.2733	-0.0152	 0.2623
Locus832	 0.0699	 0.0841	 0.0932	 0.0153	 0.4221	 0.0597	 0.4566
Locus833	 0.0215	 0.0330	 0.0360	 0.0118	-0.0785	 0.0308	-0.0453
Locus834	 0.0107	 0.0126	 0.0141	 0.0019	 0.0859	 0.0094	 0.0945
Locus835	 0.0584	 0.0738	 0.0815	 0.0164	 0.5777	 0.0334	 0.5918
Locus836	 0.2379	 0.4065	 0.4260	 0.2213	 0.3880	 0.2706	 0.5536
Locus837	 0.0176	 0.0357	 0.0382	 0.0184	 0.4447	-0.0046	 0.4421
Locus838	 0.1206	 0.1467	 0.1612	 0.0297	 0.2784	 0.1033	 0.3529
Locus839	 0.0415	 0.0523	 0.0579	 0.0113	 0.7042	 0.0096	 0.7070
Locus840	 0.0083	 0.0133	 0.0145	 0.0050	 0.4007	-0.0208	 0.3882
Locus841	 0.0313	 0.0450	 0.0493	 0.0141	 0.5707	 0.0116	 0.5757
Locus842	 0.1198	 0.1385	 0.1530	 0.0211	 0.6823	 0.1002	 0.7141
Locus843	 0.0707	 0.1022	 0.1111	 0.0338	 0.4399	 0.0649	 0.4762
Locus844	 0.0629	 0.0721	 0.0803	 0.0098	 0.0807	 0.0652	 0.1406
Locus845	-0.0100	-0.0113	-0.0128	-0.0013	 0.1976	-0.0193	 0.1822
Locus846	 0.0021	 0.0039	 0.0042	 0.0017	-0.0273	 0.0058	-0.0214
Locus847	 0.1245	 0.1917	 0.2059	 0.0768	 0.5657	 0.1175	 0.6168
Locus848	-0.0121	-0.0214	-0.0232	-0.0092	-0.0085	-0.0144	-0.0230
Locus849	 0.0882	 0.1651	 0.1755	 0.0843	 0.1560	 0.0977	 0.2385
Locus850	 0.1322	 0.1501	 0.1658	 0.0206	 0.6745	 0.1249	 0.7151
Locus851	-0.0186	-0.0324	-0.0352	-0.0136	 0.0718	-0.0247	 0.0489
Locus852	 0.0734	 0.0896	 0.0991	 0.0175	 0.6625	 0.0489	 0.6790
Locus853	-0.0048	-0.0089	-0.0096	-0.0041	 0.3598	-0.0224	 0.3455
Locus854	 0.0898	 0.1037	 0.1150	 0.0153	 0.6194	 0.0731	 0.6473
Locus855	 0.0746	 0.0901	 0.0997	 0.0168	 0.2695	 0.0761	 0.3251
Locus856	 0.0143	 0.0231	 0.0251	 0.0090	 0.2207	 0.0083	 0.2271
Locus857	 0.0080	 0.0092	 0.0104	 0.0013	 0.3703	-0.0079	 0.3653
Locus858	 0.3778	 0.5655	 0.5878	 0.3018	 0.3822	 0.4006	 0.6297
Locus859	 0.0442	 0.0630	 0.0689	 0.0197	 0.2604	 0.0329	 0.2847
Locus860	 0.2483	 0.2846	 0.3091	 0.0483	 0.3137	 0.2471	 0.4833
Locus861	 0.0353	 0.0508	 0.0555	 0.0160	-0.0193	 0.0406	 0.0220
Locus862	 0.1268	 0.1543	 0.1693	 0.0315	 0.3557	 0.1093	 0.4261
Locus863	 0.0831	 0.0937	 0.1043	 0.0116	 0.5468	 0.0787	 0.5825
Locus864	 0.0732	 0.1057	 0.1149	 0.0351	 0.4058	 0.0585	 0.4406
Locus865	-0.0189	-0.0406	-0.0434	-0.0213	 0.5488	-0.0498	 0.5263
Locus866	-0.0081	-0.0141	-0.0153	-0.0060	 0.0021	-0.0141	-0.0119
Locus867	 0.0330	 0.0392	 0.0437	 0.0064	 0.5353	 0.0068	 0.5384
Locus868	 0.0164	 0.0255	 0.0278	 0.0092	 0.1313	 0.0089	 0.1391
Locus869	-0.0143	-0.0256	-0.0277	-0.0112	-0.0219	-0.0159	-0.0382
Locus870	 0.0165	 0.0291	 0.0313	 0.0128	 0.3375	 0.0048	 0.3407
Locus871	 0.0603	 0.1076	 0.1153	 0.0504	 0.3355	 0.0565	 0.3731
Locus872	 0.0179	 0.0287	 0.0311	 0.0109	 0.2939	 0.0065	 0.2985
Locus873	 0.1082	 0.2067	 0.2188	 0.1104	 0.2507	 0.1169	 0.3383
Locus874	 0.0516	 0.0799	 0.0866	 0.0299	 0.4718	 0.0245	 0.4848
Locus875	 0.0208	 0.0429	 0.0457	 0.0226	 0.2161	 0.0085	 0.2228
Locus876	 0.0767	 0.0869	 0.0968	 0.0111	 0.5567	 0.0544	 0.5808
Locus877	 0.0951	 0.1364	 0.1479	 0.0456	 0.2781	 0.0926	 0.3450
Locus878	 0.1379	 0.1809	 0.1968	 0.0499	-0.1604	 0.1692	 0.0359
Locus879	-0.0181	-0.0206	-0.0233	-0.0024	-0.0378	-0.0169	-0.0553
Locus880	 0.0666	 0.0797	 0.0883	 0.0140	 0.4272	 0.0537	 0.4580
Locus881	 0.0849	 0.1011	 0.1119	 0.0177	 0.1876	 0.0941	 0.2641
Locus882	 0.0599	 0.0670	 0.0750	 0.0076	 0.1311	 0.0678	 0.1900
Locus883	-0.0001	-0.0001	-0.0001	-0.0001	 0.3744	-0.0154	 0.3648
Locus884	 0.0039	 0.0060	 0.0065	 0.0020	 0.5751	-0.0228	 0.5655
Locus885	-0.0066	-0.0079	-0.0089	-0.0013	 0.2432	-0.0207	 0.2275
Locus886	 0.0240	 0.0285	 0.0318	 0.0046	 0.2173	 0.0184	 0.2317
Locus887	 0.0814	 0.0972	 0.1076	 0.0172	 0.6721	 0.0631	 0.6928
Locus888	 0.0377	 0.0551	 0.0602	 0.0181	 0.2212	 0.0293	 0.2441
Locus889	-0.0123	-0.0192	-0.0210	-0.0068	 0.0465	-0.0157	 0.0316
Locus890	 0.0089	 0.0170	 0.0183	 0.0082	 0.2874	-0.0035	 0.2849
Locus891	 0.0182	 0.0364	 0.0389	 0.0185	 0.1415	 0.0173	 0.1563
Locus892	 0.1023	 0.1217	 0.1343	 0.0215	 0.1143	 0.1148	 0.2160
Locus893	 0.0137	 0.0262	 0.0281	 0.0126	 0.4726	-0.0077	 0.4686
Locus894	 0.0379	 0.0445	 0.0496	 0.0068	 0.5838	 0.0117	 0.5887
Locus895	 0.0114	 0.0242	 0.0258	 0.0130	 0.3119	-0.0056	 0.3080
Locus896	 0.0915	 0.1267	 0.1380	 0.0387	-0.1567	 0.1064	-0.0336
Locus897	 0.0062	 0.0082	 0.0091	 0.0020	 0.2588	-0.0019	 0.2573
Locus898	-0.0050	-0.0058	-0.0065	-0.0008	 0.1185	-0.0092	 0.1104
Locus899	 0.3218	 0.4154	 0.4411	 0.1381	 0.6765	 0.3499	 0.7897
Locus900	 0.0234	 0.0425	 0.0457	 0.0197	 0.4786	 0.0109	 0.4843
Locus901	-0.0193	-0.0417	-0.0446	-0.0220	 0.2205	-0.0337	 0.1943
Locus902	 0.0725	 0.0890	 0.0983	 0.0178	 0.5241	 0.0557	 0.5506
Locus903	 0.0139	 0.0196	 0.0215	 0.0057	 0.4909	-0.0142	 0.4836
Locus904	 0.0287	 0.0342	 0.0381	 0.0056	 0.4570	 0.0163	 0.4659
Locus905	 0.1147	 0.1520	 0.1656	 0.0421	 0.1306	 0.1247	 0.2391
Locus906	 0.0782	 0.1517	 0.1611	 0.0797	 0.2938	 0.0562	 0.3335
Locus907	 0.0973	 0.1527	 0.1644	 0.0614	 0.0761	 0.1053	 0.1735
Locus908	 0.0042	 0.0069	 0.0075	 0.0027	-0.1230	 0.0106	-0.1111
Locus909	 0.0265	 0.0305	 0.0342	 0.0041	 0.3147	 0.0184	 0.3273
Locus910	-0.0057	-0.0069	-0.0077	-0.0012	 0.2148	-0.0136	 0.2041
Locus911	-0.0182	-0.0399	-0.0426	-0.0213	-0.2571	-0.0075	-0.2665
Locus912	 0.1005	 0.1394	 0.1516	 0.0433	 0.2201	 0.1192	 0.3130
Locus913	 0.0958	 0.1806	 0.1916	 0.0937	 0.0760	 0.1064	 0.1742
Locus914	-0.0037	-0.0057	-0.0062	-0.0020	 0.4507	-0.0271	 0.4358
Locus915	 0.0217	 0.0299	 0.0329	 0.0084	-0.0200	 0.0259	 0.0064
Locus916	 0.0136	 0.0274	 0.0292	 0.0140	 0.4364	-0.0089	 0.4313
Locus917	 0.0066	 0.0122	 0.0132	 0.0057	 0.4979	-0.0190	 0.4883
Locus918	 0.0352	 0.0718	 0.0765	 0.0380	 0.0408	 0.0402	 0.0794
Locus919	 0.0211	 0.0424	 0.0453	 0.0218	 0.0911	 0.0205	 0.1097
Locus920	 0.0341	 0.0465	 0.0512	 0.0128	 0.1734	 0.0310	 0.1991
Locus921	-0.0006	-0.0008	-0.0009	-0.0001	 0.2687	-0.0150	 0.2577
Locus922	-0.0204	-0.0241	-0.0271	-0.0036	 0.6620	-0.0551	 0.6433
Locus923	 0.0627	 0.0837	 0.0918	 0.0224	 0.4212	 0.0512	 0.4509
Locus924	 0.0169	 0.0210	 0.0234	 0.0041	 0.2589	 0.0085	 0.2652
Locus925	 0.0007	 0.0008	 0.0009	 0.0001	 0.1191	-0.0083	 0.1118
Locus926	 0.0422	 0.0657	 0.0713	 0.0245	 0.4230	 0.0207	 0.4350
Locus927	 0.0109	 0.0146	 0.0161	 0.0037	 0.4081	-0.0033	 0.4061
Locus928	 0.0165	 0.0347	 0.0370	 0.0185	-0.0686	 0.0247	-0.0422
Locus929	 0.0184	 0.0221	 0.0247	 0.0037	 0.0583	 0.0204	 0.0775
Locus930	 0.0381	 0.0432	 0.0483	 0.0052	 0.1296	 0.0367	 0.1615
Locus931	 0.0578	 0.0786	 0.0861	 0.0221	 0.4293	 0.0383	 0.4511
Locus932	-0.0093	-0.0114	-0.0128	-0.0021	 0.4703	-0.0337	 0.4524
Locus933	 0.0164	 0.0215	 0.0238	 0.0052	 0.4104	-0.0060	 0.4069
Locus934	 0.2259	 0.3062	 0.3279	 0.1038	-0.0464	 0.2662	 0.2322
Locus935	-0.0059	-0.0068	-0.0077	-0.0010	 0.5329	-0.0337	 0.5171
Locus936	 0.0178	 0.0313	 0.0338	 0.0138	 0.0862	 0.0104	 0.0957
Locus937	 0.0147	 0.0188	 0.0209	 0.0041	 0.1098	 0.0092	 0.1180
Locus938	 0.0590	 0.0669	 0.0747	 0.0084	 0.5616	 0.0431	 0.5805
Locus939	-0.0043	-0.0055	-0.0061	-0.0011	 0.5209	-0.0293	 0.5069
Locus940	-0.0095	-0.0194	-0.0208	-0.0097	 0.3450	-0.0278	 0.3267
Locus941	 0.0689	 0.1327	 0.1411	 0.0685	 0.4151	 0.0524	 0.4458
Locus942	 0.5088	 0.6228	 0.6483	 0.2320	 0.1462	 0.5443	 0.6109
Locus943	 0.0325	 0.0377	 0.0421	 0.0054	 0.1034	 0.0313	 0.1315
Locus944	 0.0521	 0.0712	 0.0781	 0.0202	 0.1207	 0.0497	 0.1644
Locus945	 0.0013	 0.0016	 0.0018	 0.0003	 0.5053	-0.0291	 0.4910
Locus946	 0.0726	 0.1428	 0.1516	 0.0756	-0.0490	 0.0903	 0.0457
Locus947	 0.0270	 0.0495	 0.0532	 0.0231	 0.5837	-0.0005	 0.5835
Locus948	 0.0331	 0.0465	 0.0510	 0.0139	 0.1169	 0.0324	 0.1455
Locus949	 0.0890	 0.1113	 0.1225	 0.0245	 0.3997	 0.0702	 0.4419
Locus950	 0.0699	 0.1248	 0.1334	 0.0590	 0.5513	 0.0592	 0.5778
Locus951	 0.0404	 0.0834	 0.0886	 0.0448	 0.6001	 0.0245	 0.6099
Locus952	 0.0861	 0.1048	 0.1157	 0.0204	 0.0780	 0.1006	 0.1708
Locus953	 0.0876	 0.1389	 0.1495	 0.0561	-0.0039	 0.1013	 0.0978
Locus954	 0.0679	 0.0939	 0.1026	 0.0279	 0.4312	 0.0543	 0.4621
Locus955	 0.0255	 0.0448	 0.0483	 0.0198	 0.0191	 0.0332	 0.0517
Locus956	 0.0638	 0.1104	 0.1185	 0.0498	 0.1043	 0.0684	 0.1656
Locus957	 0.0651	 0.0999	 0.1081	 0.0372	 0.1738	 0.0575	 0.2213
Locus958	 0.2949	 0.4015	 0.4257	 0.1511	 0.2666	 0.3329	 0.5107
Locus959	 0.0110	 0.0124	 0.0139	 0.0014	 0.1849	 0.0001	 0.1849
Locus960	 0.0070	 0.0116	 0.0126	 0.0046	-0.1361	 0.0110	-0.1236
Locus961	 0.1650	 0.2004	 0.2188	 0.0423	 0.6193	 0.1617	 0.6809
Locus962	 0.1246	 0.2068	 0.2207	 0.0939	 0.3548	 0.1294	 0.4382
Locus963	 0.0671	 0.0749	 0.0837	 0.0083	 0.7312	 0.0373	 0.7412
Locus964	 0.0165	 0.0186	 0.0209	 0.0021	 0.4160	 0.0032	 0.4178
Locus965	 0.0381	 0.0766	 0.0816	 0.0401	 0.2524	 0.0322	 0.2765
Locus966	 0.0532	 0.0709	 0.0779	 0.0187	 0.4030	 0.0391	 0.4263
Locus967	 0.1313	 0.1494	 0.1651	 0.0208	-0.0273	 0.1514	 0.1283
Locus968	 0.0198	 0.0372	 0.0399	 0.0178	 0.4506	 0.0044	 0.4530
Locus969	 0.0781	 0.0966	 0.1066	 0.0201	 0.0967	 0.0786	 0.1677
Locus970	 0.1028	 0.1197	 0.1324	 0.0188	-0.0187	 0.1221	 0.1056
Locus971	 0.0268	 0.0504	 0.0541	 0.0243	 0.2191	 0.0103	 0.2271
Locus972	-0.0046	-0.0065	-0.0072	-0.0019	-0.1031	-0.0012	-0.1045
Locus973	 0.0285	 0.0585	 0.0623	 0.0309	 0.1330	 0.0238	 0.1537
Locus974	 0.1021	 0.1852	 0.1969	 0.0925	 0.0106	 0.1173	 0.1266
Locus975	 0.0515	 0.0835	 0.0902	 0.0337	 0.1191	 0.0563	 0.1687
Locus976	 0.0678	 0.0935	 0.1022	 0.0276	 0.3548	 0.0514	 0.3879
Locus977	 0.0199	 0.0239	 0.0267	 0.0041	 0.3439	 0.0101	 0.3505
Locus978	 0.1653	 0.2252	 0.2431	 0.0718	 0.2628	 0.1739	 0.3910
Locus979	 0.1343	 0.1942	 0.2093	 0.0692	 0.1903	 0.1268	 0.2930
Locus980	 0.0063	 0.0096	 0.0104	 0.0033	 0.1154	 0.0044	 0.1193
Locus981	 0.1846	 0.3073	 0.3251	 0.1505	 0.6721	 0.2008	 0.7379
Locus982	 0.1027	 0.1376	 0.1500	 0.0389	 0.1850	 0.1050	 0.2706
Locus983	 0.0994	 0.1230	 0.1353	 0.0261	-0.0883	 0.1091	 0.0304
Locus984	 0.0054	 0.0114	 0.0122	 0.0061	 0.2704	-0.0048	 0.2669
Locus985	 0.0112	 0.0145	 0.0160	 0.0034	 0.1948	 0.0027	 0.1970
Locus986	 0.0083	 0.0103	 0.0114	 0.0020	 0.0127	 0.0060	 0.0186
Locus987	 0.0410	 0.0816	 0.0869	 0.0423	 0.1145	 0.0473	 0.1564
Locus988	 0.0259	 0.0475	 0.0510	 0.0222	 0.2877	 0.0082	 0.2935
Locus989	 0.1179	 0.1962	 0.2095	 0.0887	 0.6770	 0.1090	 0.7122
Locus990	 0.1466	 0.2725	 0.2874	 0.1475	 0.2436	 0.1506	 0.3575
Locus991	-0.0089	-0.0103	-0.0116	-0.0014	 0.3067	-0.0259	 0.2887
Locus992	 0.0522	 0.1059	 0.1125	 0.0567	 0.0602	 0.0590	 0.1157
Locus993	-0.0019	-0.0024	-0.0026	-0.0004	 0.3013	-0.0187	 0.2883
Locus994	 0.0345	 0.0717	 0.0762	 0.0385	-0.0796	 0.0423	-0.0339
Locus995	-0.0220	-0.0261	-0.0293	-0.0040	 0.6619	-0.0574	 0.6425
Locus996	 0.0532	 0.1020	 0.1088	 0.0516	 0.3522	 0.0390	 0.3775
Locus997	 0.0012	 0.0015	 0.0016	 0.0003	 0.1855	-0.0057	 0.1809
Locus998	 0.0389	 0.0535	 0.0588	 0.0152	 0.1564	 0.0359	 0.1866
Locus999	 0.0333	 0.0666	 0.0710	 0.0344	 0.1309	 0.0284	 0.1556
Locus1000	 0.0148	 0.0202	 0.0222	 0.0055	 0.5860	-0.0073	 0.5830
Locus1001	 0.1037	 0.1338	 0.1465	 0.0337	-0.1789	 0.1183	-0.0394
Locus1002	 0.0219	 0.0257	 0.0287	 0.0039	 0.2472	 0.0160	 0.2592
Locus1003	 0.0822	 0.1194	 0.1296	 0.0406	-0.0090	 0.0964	 0.0883
Locus1004	 0.0319	 0.0374	 0.0418	 0.0058	 0.6447	-0.0007	 0.6445
Locus1005	 0.0109	 0.0170	 0.0185	 0.0061	 0.0026	 0.0154	 0.0180
Locus1006	-0.0051	-0.0061	-0.0069	-0.0010	 0.3966	-0.0236	 0.3824
Locus1007	 0.0330	 0.0544	 0.0588	 0.0221	 0.0374	 0.0274	 0.0638
Locus1008	-0.0247	-0.0526	-0.0563	-0.0272	 0.2212	-0.0390	 0.1908
Locus1009	 0.0413	 0.0514	 0.0570	 0.0105	 0.1300	 0.0389	 0.1639
Locus1010	 0.0009	 0.0011	 0.0012	 0.0002	 0.5465	-0.0245	 0.5354
Locus1011	-0.0077	-0.0148	-0.0159	-0.0070	 0.1403	-0.0167	 0.1260
Locus1012	 0.0060	 0.0113	 0.0122	 0.0053	 0.3764	-0.0157	 0.3666
Locus1013	 0.2115	 0.2971	 0.3177	 0.1086	-0.2670	 0.2531	 0.0537
Locus1014	 0.0219	 0.0307	 0.0337	 0.0090	 0.5525	-0.0160	 0.5454
Locus1015	 0.0085	 0.0111	 0.0123	 0.0026	 0.3048	-0.0074	 0.2996
Locus1016	 0.0385	 0.0776	 0.0826	 0.0406	-0.0234	 0.0504	 0.0282
Locus1017	-0.0077	-0.0087	-0.0098	-0.0010	 0.1690	-0.0159	 0.1558
Locus1018	 0.0466	 0.0929	 0.0989	 0.0485	 0.1562	 0.0486	 0.1972
Locus1019	 0.0839	 0.1625	 0.1724	 0.0858	 0.1361	 0.0907	 0.2144
Locus1020	 0.2346	 0.2893	 0.3124	 0.0715	-0.1025	 0.2775	 0.2035
Locus1021	 0.1547	 0.1779	 0.1957	 0.0275	 0.7131	 0.1564	 0.7580
Locus1022	 0.0311	 0.0352	 0.0395	 0.0043	 0.5765	 0.0065	 0.5793
Locus1023	 0.0298	 0.0467	 0.0507	 0.0174	 0.2232	 0.0155	 0.2352
Locus1024	 0.0034	 0.0054	 0.0058	 0.0020	 0.0401	 0.0014	 0.0414
Locus1025	 0.0048	 0.0060	 0.0066	 0.0011	 0.0261	 0.0060	 0.0319
Locus1026	 0.1409	 0.2055	 0.2212	 0.0753	 0.3302	 0.1482	 0.4294
Locus1027	 0.0150	 0.0316	 0.0336	 0.0169	-0.0650	 0.0210	-0.0427
Locus1028	 0.1177	 0.1413	 0.1555	 0.0268	-0.0895	 0.1346	 0.0572
Locus1029	 0.1108	 0.1627	 0.1758	 0.0583	 0.3939	 0.0960	 0.4521
Locus1030	 0.0008	 0.0009	 0.0011	 0.0001	 0.1649	-0.0102	 0.1564
Locus1031	 0.0420	 0.0488	 0.0544	 0.0071	 0.4545	 0.0252	 0.4683
Locus1032	 0.0933	 0.1475	 0.1587	 0.0598	 0.0910	 0.1028	 0.1845
Locus1033	 0.0314	 0.0398	 0.0441	 0.0087	 0.2184	 0.0273	 0.2398
Locus1034	-0.0019	-0.0036	-0.0039	-0.0017	 0.0768	-0.0054	 0.0718
Locus1035	 0.0186	 0.0272	 0.0298	 0.0088	 0.0920	 0.0188	 0.1091
Locus1036	 0.0982	 0.1903	 0.2015	 0.1022	 0.1911	 0.1022	 0.2737
Locus1037	-0.0104	-0.0218	-0.0233	-0.0113	-0.3413	 0.0031	-0.3372
Locus1038	 0.0643	 0.0936	 0.1019	 0.0313	 0.2365	 0.0466	 0.2721
Locus1039	 0.0439	 0.0837	 0.0894	 0.0416	 0.1106	 0.0443	 0.1500
Locus1040	 0.0030	 0.0053	 0.0057	 0.0023	 0.1171	-0.0020	 0.1154
Locus1041	 0.0532	 0.0593	 0.0663	 0.0064	 0.3956	 0.0428	 0.4215
Locus1042	 0.0635	 0.0995	 0.1076	 0.0385	 0.1620	 0.0650	 0.2165
Locus1043	 0.0472	 0.0588	 0.0651	 0.0121	 0.1008	 0.0493	 0.1452
Locus1044	 0.0734	 0.0912	 0.1006	 0.0192	-0.0520	 0.0746	 0.0265
Locus1045	 0.1873	 0.2200	 0.2403	 0.0402	 0.0636	 0.1959	 0.2470
Locus1046	 0.0094	 0.0197	 0.0210	 0.0104	-0.1007	 0.0135	-0.0859
Locus1047	 0.1557	 0.2227	 0.2396	 0.0793	 0.0973	 0.1769	 0.2570
Locus1048	 0.0578	 0.0845	 0.0920	 0.0284	 0.3182	 0.0418	 0.3467
Locus1049	-0.0169	-0.0281	-0.0306	-0.0111	 0.6895	-0.0571	 0.6718
Locus1050	 0.0172	 0.0271	 0.0295	 0.0101	-0.1706	 0.0259	-0.1403
Locus1051	 0.0772	 0.1102	 0.1199	 0.0358	 0.3115	 0.0799	 0.3665
Locus1052	 0.0101	 0.0200	 0.0214	 0.0100	 0.6129	-0.0179	 0.6060
Locus1053	 0.0248	 0.0503	 0.0537	 0.0262	 0.3409	 0.0091	 0.3469
Locus1054	 0.1788	 0.2421	 0.2609	 0.0771	-0.1860	 0.2154	 0.0695
Locus1055	 0.0112	 0.0134	 0.0150	 0.0022	 0.0858	 0.0077	 0.0929
Locus1056	 0.0873	 0.0948	 0.1059	 0.0082	 0.8448	 0.0554	 0.8534
Locus1057	 0.0072	 0.0106	 0.0116	 0.0034	 0.2652	-0.0032	 0.2628
Locus1058	-0.0349	-0.0614	-0.0667	-0.0256	 0.3041	-0.0566	 0.2647
Locus1059	-0.0297	-0.0614	-0.0659	-0.0308	 0.1954	-0.0425	 0.1612
Locus1060	 0.2196	 0.3321	 0.3524	 0.1441	 0.4012	 0.1960	 0.5186
Locus1061	 0.0391	 0.0677	 0.0729	 0.0298	 0.4488	 0.0250	 0.4626
Locus1062	 0.0671	 0.1310	 0.1392	 0.0684	 0.3218	 0.0676	 0.3676
Locus1063	 0.1487	 0.2702	 0.2854	 0.1428	 0.0611	 0.1630	 0.2141
Locus1064	 0.2074	 0.2571	 0.2785	 0.0628	 0.3332	 0.2231	 0.4820
Locus1065	 0.0238	 0.0456	 0.0488	 0.0223	 0.5756	 0.0047	 0.5775
Locus1066	 0.0884	 0.1012	 0.1124	 0.0140	 0.0504	 0.0985	 0.1440
Locus1067	 0.0704	 0.0963	 0.1053	 0.0278	 0.0971	 0.0755	 0.1653
Locus1068	 0.0040	 0.0057	 0.0063	 0.0017	 0.0552	 0.0036	 0.0586
Locus1069	 0.0443	 0.0519	 0.0578	 0.0079	 0.4539	 0.0254	 0.4678
Locus1070	 0.1388	 0.2007	 0.2162	 0.0719	 0.3638	 0.1381	 0.4516
Locus1071	 0.0046	 0.0099	 0.0106	 0.0053	-0.0227	 0.0045	-0.0181
Locus1072	 0.0513	 0.0937	 0.1003	 0.0447	 0.5498	 0.0325	 0.5645
Locus1073	 0.0655	 0.0980	 0.1064	 0.0347	-0.0410	 0.0647	 0.0264
Locus1074	 0.0661	 0.0819	 0.0905	 0.0169	 0.3818	 0.0633	 0.4209
Locus1075	 0.1101	 0.1544	 0.1675	 0.0498	 0.4735	 0.0960	 0.5240
Locus1076	 0.0049	 0.0057	 0.0064	 0.0008	 0.4777	-0.0241	 0.4652
Locus1077	 0.0295	 0.0384	 0.0425	 0.0092	 0.2857	 0.0278	 0.3055
Locus1078	 0.0509	 0.0667	 0.0734	 0.0166	 0.2207	 0.0497	 0.2594
Locus1079	 0.0849	 0.1188	 0.1293	 0.0370	 0.0399	 0.0975	 0.1335
Locus1080	 0.0329	 0.0372	 0.0417	 0.0044	 0.5772	 0.0047	 0.5792
Locus1081	-0.0299	-0.0477	-0.0522	-0.0172	 0.1436	-0.0409	 0.1086
Locus1082	 0.0060	 0.0118	 0.0127	 0.0059	 0.0302	 0.0065	 0.0365
Locus1083	 0.0117	 0.0149	 0.0166	 0.0032	 0.3191	-0.0117	 0.3111
Locus1084	 0.0011	 0.0016	 0.0017	 0.0005	 0.3347	-0.0110	 0.3274
Locus1085	 0.1247	 0.1542	 0.1690	 0.0337	 0.1532	 0.1406	 0.2723
Locus1086	 0.0139	 0.0178	 0.0198	 0.0040	 0.5074	-0.0064	 0.5043
Locus1087	 0.0057	 0.0074	 0.0083	 0.0017	 0.3302	-0.0099	 0.3235
Locus1088	 0.0061	 0.0121	 0.0129	 0.0060	 0.1128	 0.0022	 0.1148
Locus1089	 0.0130	 0.0276	 0.0294	 0.0148	 0.4955	-0.0066	 0.4921
Locus1090	-0.0257	-0.0571	-0.0610	-0.0305	-0.0811	-0.0263	-0.1095
Locus1091	 0.0280	 0.0315	 0.0354	 0.0036	 0.3612	 0.0147	 0.3706
Locus1092	 0.0162	 0.0216	 0.0238	 0.0054	 0.2495	 0.0066	 0.2545
Locus1093	 0.0421	 0.0472	 0.0529	 0.0054	 0.1483	 0.0485	 0.1895
Locus1094	 0.1593	 0.2170	 0.2344	 0.0686	 0.5734	 0.1416	 0.6338
Locus1095	 0.0675	 0.1261	 0.1344	 0.0628	 0.4935	 0.0556	 0.5217
Locus1096	 0.0174	 0.0329	 0.0353	 0.0159	-0.1469	 0.0267	-0.1163
Locus1097	 0.1327	 0.1655	 0.1810	 0.0378	 0.6668	 0.1280	 0.7094
Locus1098	 0.0900	 0.1194	 0.1305	 0.0323	 0.2626	 0.0925	 0.3308
Locus1099	 0.2235	 0.2698	 0.2924	 0.0596	 0.1683	 0.2480	 0.3746
Locus1100	 0.0106	 0.0145	 0.0160	 0.0039	 0.2869	-0.0038	 0.2842
Locus1101	-0.0059	-0.0071	-0.0080	-0.0012	 0.2712	-0.0249	 0.2531
Locus1102	-0.0089	-0.0168	-0.0181	-0.0078	 0.2464	-0.0241	 0.2282
Locus1103	 0.0341	 0.0504	 0.0550	 0.0169	 0.1028	 0.0351	 0.1343
Locus1104	 0.1606	 0.2939	 0.3098	 0.1589	 0.6604	 0.1486	 0.7108
Locus1105	 0.0181	 0.0205	 0.0230	 0.0024	 0.1505	 0.0091	 0.1583
Locus1106	 0.0334	 0.0395	 0.0441	 0.0063	 0.3763	 0.0151	 0.3857
Locus1107	 0.0078	 0.0103	 0.0114	 0.0025	 0.4426	-0.0091	 0.4375
Locus1108	 0.0163	 0.0194	 0.0217	 0.0032	 0.3846	 0.0010	 0.3852
Locus1109	 0.0410	 0.0514	 0.0569	 0.0109	 0.3683	 0.0275	 0.3857
Locus1110	 0.0433	 0.0620	 0.0678	 0.0196	-0.1031	 0.0576	-0.0396
Locus1111	 0.0716	 0.0970	 0.1061	 0.0273	-0.1766	 0.0944	-0.0656
Locus1112	 0.0169	 0.0219	 0.0242	 0.0051	 0.0841	 0.0219	 0.1041
Locus1113	 0.0770	 0.0913	 0.1012	 0.0155	 0.5124	 0.0551	 0.5393
Locus1114	 0.0378	 0.0509	 0.0560	 0.0137	 0.2531	 0.0266	 0.2730
Locus1115	 0.0367	 0.0745	 0.0793	 0.0393	 0.3190	 0.0182	 0.3314
Locus1116	 0.2606	 0.3753	 0.3978	 0.1552	-0.0732	 0.3016	 0.2505
Locus1117	 0.1880	 0.2200	 0.2404	 0.0395	 0.8149	 0.1893	 0.8500
Locus1118	 0.0437	 0.0887	 0.0944	 0.0471	 0.4576	 0.0232	 0.4701
Locus1119	 0.3109	 0.3923	 0.4182	 0.1182	 0.2584	 0.3489	 0.5171
Locus1120	 0.0488	 0.0704	 0.0769	 0.0228	 0.2589	 0.0327	 0.2831
Locus1121	 0.0973	 0.1561	 0.1677	 0.0651	 0.0776	 0.1101	 0.1792
Locus1122	 0.0313	 0.0351	 0.0394	 0.0039	 0.6501	 0.0025	 0.6510
Locus1123	 0.0174	 0.0259	 0.0283	 0.0086	 0.4474	-0.0018	 0.4464
Locus1124	 0.0938	 0.1572	 0.1683	 0.0699	 0.2504	 0.0870	 0.3156
Locus1125	 0.1049	 0.1220	 0.1349	 0.0191	 0.6141	 0.0914	 0.6494
Locus1126	 0.3032	 0.3827	 0.4083	 0.1141	 0.1784	 0.3406	 0.4582
Locus1127	 0.0156	 0.0206	 0.0228	 0.0051	 0.1626	 0.0123	 0.1729
Locus1128	 0.1021	 0.1489	 0.1611	 0.0521	 0.1546	 0.0988	 0.2381
Locus1129	 0.0022	 0.0031	 0.0034	 0.0009	-0.1218	 0.0074	-0.1135
Locus1130	 0.0398	 0.0482	 0.0536	 0.0087	 0.0026	 0.0481	 0.0506
Locus1131	 0.1655	 0.2615	 0.2785	 0.1150	 0.2376	 0.1778	 0.3732
Locus1132	 0.0065	 0.0140	 0.0149	 0.0075	 0.2188	-0.0005	 0.2184
Locus1133	 0.1062	 0.1175	 0.1307	 0.0126	 0.8743	 0.0867	 0.8852
Locus1134	 0.0145	 0.0226	 0.0246	 0.0082	 0.0748	 0.0117	 0.0856
Locus1135	 0.0573	 0.1053	 0.1126	 0.0509	 0.3503	 0.0447	 0.3793
Locus1136	 0.0644	 0.0727	 0.0812	 0.0090	 0.6346	 0.0521	 0.6536
Locus1137	 0.0584	 0.0917	 0.0992	 0.0354	 0.2542	 0.0557	 0.2957
Locus1138	 0.0170	 0.0222	 0.0245	 0.0053	 0.4090	-0.0033	 0.4071
Locus1139	 0.0246	 0.0505	 0.0538	 0.0265	 0.2246	 0.0109	 0.2331
Locus1140	 0.0121	 0.0175	 0.0192	 0.0055	-0.0657	 0.0177	-0.0468
Locus1141	 0.0679	 0.0889	 0.0976	 0.0225	 0.3082	 0.0666	 0.3543
Locus1142	 0.0618	 0.1060	 0.1138	 0.0471	 0.6020	 0.0400	 0.6179
Locus1143	 0.0704	 0.0797	 0.0889	 0.0101	 0.3292	 0.0657	 0.3732
Locus1144	 0.0385	 0.0790	 0.0840	 0.0421	 0.0232	 0.0430	 0.0653
Locus1145	 0.0883	 0.1606	 0.1711	 0.0793	 0.2620	 0.0910	 0.3291
Locus1146	 0.0264	 0.0315	 0.0352	 0.0052	 0.5374	-0.0051	 0.5351
Locus1147	 0.1249	 0.1533	 0.1681	 0.0324	 0.0048	 0.1426	 0.1467
Locus1148	-0.0025	-0.0051	-0.0054	-0.0025	 0.4255	-0.0247	 0.4113
Locus1149	 0.0298	 0.0495	 0.0535	 0.0203	 0.4449	 0.0145	 0.4530
Locus1150	 0.0518	 0.0708	 0.0776	 0.0200	 0.0380	 0.0572	 0.0930
Locus1151	 0.0210	 0.0333	 0.0362	 0.0125	-0.1770	 0.0352	-0.1355
Locus1152	 0.0396	 0.0692	 0.0744	 0.0308	 0.2743	 0.0323	 0.2977
Locus1153	 0.0903	 0.1081	 0.1195	 0.0196	 0.2517	 0.0997	 0.3263
Locus1154	 0.0255	 0.0456	 0.0491	 0.0207	 0.4273	 0.0045	 0.4299
Locus1155	 0.0918	 0.1436	 0.1547	 0.0570	 0.2599	 0.0831	 0.3214
Locus1156	 0.0294	 0.0556	 0.0596	 0.0270	 0.3147	 0.0168	 0.3262
Locus1157	 0.0963	 0.1285	 0.1403	 0.0356	 0.0453	 0.0892	 0.1305
Locus1158	-0.0079	-0.0161	-0.0172	-0.0081	 0.6563	-0.0437	 0.6413
Locus1159	 0.0658	 0.0746	 0.0832	 0.0093	 0.3324	 0.0592	 0.3720
Locus1160	-0.0299	-0.0654	-0.0699	-0.0344	-0.0969	-0.0299	-0.1296
Locus1161	-0.0031	-0.0040	-0.0044	-0.0009	 0.4681	-0.0355	 0.4492
Locus1162	-0.0011	-0.0019	-0.0021	-0.0007	 0.4275	-0.0220	 0.4149
Locus1163	 0.0781	 0.1222	 0.1319	 0.0478	 0.2151	 0.0731	 0.2725
Locus1164	 0.0116	 0.0245	 0.0262	 0.0131	 0.0584	 0.0116	 0.0693
Locus1165	-0.0158	-0.0318	-0.0341	-0.0157	-0.1134	-0.0131	-0.1280
Locus1166	-0.0156	-0.0205	-0.0228	-0.0049	 0.5674	-0.0454	 0.5478
Locus1167	 0.0962	 0.1775	 0.1886	 0.0900	 0.0012	 0.1139	 0.1149
Locus1168	 0.1704	 0.2301	 0.2484	 0.0720	 0.6317	 0.1862	 0.7002
Locus1169	 0.0209	 0.0284	 0.0313	 0.0076	 0.1113	 0.0249	 0.1334
Locus1170	 0.0123	 0.0260	 0.0277	 0.0139	 0.0824	 0.0113	 0.0928
Locus1171	 0.0565	 0.0969	 0.1041	 0.0428	 0.0393	 0.0694	 0.1060
Locus1172	 0.0404	 0.0679	 0.0733	 0.0287	 0.1329	 0.0230	 0.1529
Locus1173	 0.0195	 0.0382	 0.0409	 0.0191	 0.2243	 0.0144	 0.2354
Locus1174	 0.3798	 0.4913	 0.5175	 0.1798	 0.5479	 0.4082	 0.7325
Locus1175	 0.1254	 0.2283	 0.2419	 0.1177	 0.2748	 0.1329	 0.3712
Locus1176	 0.0395	 0.0810	 0.0862	 0.0432	 0.0269	 0.0439	 0.0696
Locus1177	 0.0163	 0.0306	 0.0328	 0.0145	 0.2604	 0.0118	 0.2691
Locus1178	 0.1486	 0.1776	 0.1947	 0.0340	 0.4779	 0.1443	 0.5532
Locus1179	 0.0343	 0.0474	 0.0520	 0.0135	 0.4273	 0.0213	 0.4395
Locus1180	 0.1285	 0.2357	 0.2494	 0.1230	 0.2896	 0.1306	 0.3824
Locus1181	 0.0082	 0.0172	 0.0183	 0.0090	 0.0770	 0.0083	 0.0846
Locus1182	 0.0045	 0.0089	 0.0095	 0.0044	 0.0624	 0.0048	 0.0670
Locus1183	 0.0708	 0.1249	 0.1337	 0.0583	 0.1951	 0.0656	 0.2479
Locus1184	-0.0232	-0.0385	-0.0420	-0.0149	 0.1621	-0.0355	 0.1324
Locus1185	 0.1976	 0.3090	 0.3280	 0.1388	-0.1045	 0.2250	 0.1440
Locus1186	-0.0079	-0.0164	-0.0175	-0.0084	 0.0616	-0.0116	 0.0507
Locus1187	 0.0365	 0.0617	 0.0666	 0.0262	 0.4135	 0.0251	 0.4282
Locus1188	 0.0058	 0.0120	 0.0128	 0.0062	 0.3888	-0.0097	 0.3828
Locus1189	 0.0754	 0.1193	 0.1287	 0.0475	 0.1097	 0.0854	 0.1857
Locus1190	 0.0397	 0.0750	 0.0802	 0.0368	 0.5341	 0.0225	 0.5446
Locus1191	 0.0145	 0.0304	 0.0324	 0.0162	-0.0950	 0.0211	-0.0718
Locus1192	 0.0471	 0.0964	 0.1025	 0.0518	-0.0702	 0.0542	-0.0122
Locus1193	 0.0615	 0.1009	 0.1087	 0.0420	 0.1402	 0.0691	 0.1996
Locus1194	 0.2069	 0.2923	 0.3126	 0.1076	 0.0847	 0.2382	 0.3027
Locus1195	 0.0623	 0.1253	 0.1330	 0.0672	 0.7277	 0.0388	 0.7383
Locus1196	 0.0861	 0.1698	 0.1799	 0.0916	 0.3095	 0.0734	 0.3602
Locus1197	 0.0324	 0.0660	 0.0703	 0.0348	 0.2864	 0.0240	 0.3035
Locus1198	 0.0796	 0.0981	 0.1082	 0.0201	 0.4766	 0.0712	 0.5138
Locus1199	 0.1403	 0.2546	 0.2692	 0.1329	 0.3651	 0.1357	 0.4512
Locus1200	 0.0279	 0.0341	 0.0379	 0.0064	 0.5886	 0.0010	 0.5890
Global	 0.0524	 0.0750	 0.0818	 0.0079	 0.1925	 0.0501	 0.2329
