loci	Harmonic_N	H_st_est	D_st_est	G_st_est	G_hed_st_est	D_Jost_est	Fst_WC	Fit_WC	
Locus1	11.1314	-0.0363	-0.0127	-0.0199	-0.0622	-0.0415	0.0056	-0.5719	
Locus2	11.1314	-0.0437	-0.0169	-0.0283	-0.0797	-0.0499	-0.002	-0.6671	
Locus3	11.1314	-0.0299	-0.0133	-0.0245	-0.0596	-0.0342	0.0067	-0.7226	
Locus4	11.1314	-0.0547	-0.0189	-0.0297	-0.0941	-0.0625	-0.0064	-0.5793	
Locus5	11.1314	-0.04	-0.0145	-0.0233	-0.07	-0.0457	0.0021	-0.6155	
Locus6	11.1314	0.0123	0.0051	0.0086	0.0226	0.0141	0.0403	-0.7004	
Locus7	11.1314	-0.056	-0.0196	-0.0311	-0.0971	-0.064	-0.0088	-0.593	
Locus8	11.1314	-0.0339	-0.0146	-0.0263	-0.0661	-0.0388	0.0085	-0.8005	
Locus9	11.1314	-0.0381	-0.0135	-0.0214	-0.0658	-0.0435	0.0017	-0.5847	
Locus10	11.1314	0.0272	0.0118	0.0204	0.0509	0.0311	0.061	-0.7272	
Locus11	11.1314	-0.0355	-0.0126	-0.0199	-0.0613	-0.0405	0.0041	-0.5876	
Locus12	11.1314	-0.0538	-0.0186	-0.0292	-0.0926	-0.0615	-0.0067	-0.5598	
Locus13	11.1314	-0.0333	-0.0121	-0.0194	-0.0581	-0.038	0.0037	-0.5335	
Locus14	11.1314	-0.0189	-0.0085	-0.0157	-0.0376	-0.0215	0.0129	-0.7203	
Locus15	11.1314	-0.043	-0.0168	-0.0283	-0.0789	-0.0492	3e-04	-0.6936	
Locus16	11.1314	-0.0519	-0.021	-0.0365	-0.0981	-0.0594	-0.0086	-0.7089	
Locus17	11.1314	-0.0352	-0.0143	-0.0247	-0.0659	-0.0402	0.0057	-0.7413	
Locus18	11.1314	-0.0196	-0.0065	-0.0098	-0.0324	-0.0224	0.0133	-0.495	
Locus19	11.1314	0.0045	0.0018	0.003	0.0081	0.0051	0.0318	-0.6004	
Locus20	11.1314	-0.0231	-0.0093	-0.0158	-0.0426	-0.0263	0.0178	-0.7049	
Locus21	11.1314	-0.0121	-0.0047	-0.0078	-0.0217	-0.0138	0.0233	-0.6472	
Locus22	11.1314	-0.0187	-0.0083	-0.0151	-0.0369	-0.0214	0.0243	-0.8263	
Locus23	11.1314	-0.0362	-0.0164	-0.0309	-0.0736	-0.0414	0.0019	-0.7853	
Locus24	11.1314	-0.0313	-0.0107	-0.0165	-0.0529	-0.0358	0.0077	-0.5475	
Locus25	11.1314	-0.0181	-0.0074	-0.0127	-0.0336	-0.0207	0.0205	-0.7071	
Locus26	11.1314	-0.0381	-0.0168	-0.031	-0.0759	-0.0436	0.0024	-0.8076	
Locus27	11.1314	-0.0212	-0.0083	-0.0138	-0.0384	-0.0242	0.0147	-0.6085	
Locus28	11.1314	-0.0337	-0.0139	-0.0242	-0.0637	-0.0385	0.0019	-0.6275	
Locus29	11.1314	-0.0162	-0.0057	-0.0089	-0.0275	-0.0185	0.0171	-0.5569	
Locus30	11.1314	-0.0547	-0.0213	-0.0362	-0.1009	-0.0625	-0.0087	-0.7073	
Locus31	11.1314	-0.0258	-0.0115	-0.0212	-0.0513	-0.0295	0.0081	-0.6781	
Locus32	11.1314	-0.037	-0.0124	-0.019	-0.0621	-0.0423	0.0024	-0.5047	
Locus33	11.1314	-0.0455	-0.0187	-0.0328	-0.0865	-0.052	-0.0048	-0.7008	
Locus34	11.1314	0.0252	0.0095	0.015	0.0434	0.0288	0.0418	-0.4884	
Locus35	11.1314	-0.0092	-0.0035	-0.0057	-0.0162	-0.0105	0.0249	-0.6205	
Locus36	11.1314	0.0268	0.0107	0.0175	0.0476	0.0306	0.0449	-0.6431	
Locus37	11.1314	-0.0194	-0.0067	-0.0103	-0.0327	-0.0222	0.0124	-0.4614	
Locus38	11.1314	-0.0049	-0.0022	-0.004	-0.0096	-0.0056	0.0263	-0.6779	
Locus39	11.1314	-0.0353	-0.0126	-0.02	-0.0612	-0.0404	0.0041	-0.5882	
Locus40	11.1314	-0.0377	-0.0166	-0.0306	-0.0749	-0.043	7e-04	-0.7565	
Locus41	11.1314	-0.021	-0.009	-0.016	-0.0404	-0.024	0.0148	-0.6767	
Locus42	11.1314	-0.0351	-0.0121	-0.0188	-0.0596	-0.0401	0.0045	-0.5592	
Locus43	11.1314	0.049	0.0186	0.0291	0.0835	0.056	0.0598	-0.4905	
Locus44	11.1314	-0.0199	-0.0089	-0.0163	-0.0395	-0.0228	0.0231	-0.8422	
Locus45	11.1314	-0.0449	-0.019	-0.0341	-0.0871	-0.0513	-0.0017	-0.8026	
Locus46	11.1314	-0.0346	-0.0125	-0.0199	-0.0603	-0.0396	0.0058	-0.596	
Locus47	11.1314	-0.0209	-0.0089	-0.0158	-0.04	-0.0239	0.0152	-0.7508	
Locus48	11.1314	-0.0238	-0.0104	-0.0188	-0.0465	-0.0272	0.0133	-0.7139	
Locus49	11.1314	-0.0554	-0.0201	-0.0326	-0.098	-0.0634	-0.0081	-0.6307	
Locus50	11.1314	-0.0267	-0.0121	-0.0226	-0.0539	-0.0306	0.0078	-0.7034	
Locus51	11.1314	0.0689	0.0281	0.0453	0.1205	0.0787	0.0812	-0.5749	
Locus52	11.1314	-0.041	-0.018	-0.0332	-0.0815	-0.0468	-0.0052	-0.7086	
Locus53	11.1314	-0.0299	-0.0107	-0.0169	-0.0517	-0.0342	0.0072	-0.5341	
Locus54	11.1314	-0.0394	-0.0134	-0.0207	-0.0667	-0.0451	0.002	-0.5485	
Locus55	11.1314	-0.0251	-0.0095	-0.0155	-0.0447	-0.0287	0.0105	-0.5791	
Locus56	11.1314	-0.0537	-0.0191	-0.0306	-0.0938	-0.0613	-0.0068	-0.6083	
Locus57	11.1314	-0.026	-0.0114	-0.0207	-0.0511	-0.0297	0.0128	-0.7576	
Locus58	11.1314	-0.0199	-0.0088	-0.016	-0.0391	-0.0228	0.0138	-0.7102	
Locus59	11.1314	-0.0445	-0.0197	-0.0366	-0.0894	-0.0509	-0.0016	-0.8638	
Locus60	11.1314	-0.0184	-0.008	-0.0143	-0.0357	-0.0211	0.015	-0.6655	
Locus61	11.1314	-0.0359	-0.013	-0.0208	-0.0627	-0.041	0.0047	-0.6061	
Locus62	11.1314	-0.0244	-0.0107	-0.0194	-0.0478	-0.0279	0.0101	-0.6799	
Locus63	11.1314	-0.0262	-0.0092	-0.0144	-0.0448	-0.03	0.0057	-0.4948	
Locus64	11.1314	-0.0261	-0.0118	-0.022	-0.0525	-0.0298	0.0093	-0.7192	
Locus65	11.1314	-0.0515	-0.0177	-0.0277	-0.0882	-0.0589	-0.005	-0.5724	
Locus66	11.1314	-0.0068	-0.0026	-0.0042	-0.012	-0.0078	0.025	-0.6288	
Locus67	11.1314	-0.0492	-0.0186	-0.0308	-0.0888	-0.0562	-0.0038	-0.6665	
Locus68	11.1314	-0.0414	-0.0154	-0.0251	-0.0737	-0.0474	7e-04	-0.6149	
Locus69	11.1314	0.0221	0.0078	0.0119	0.0369	0.0253	0.0368	-0.5241	
Locus70	11.1314	-0.0393	-0.0167	-0.0299	-0.0762	-0.0449	0.0032	-0.8015	
Locus71	11.1314	-0.0402	-0.0174	-0.0316	-0.079	-0.0459	0.0013	-0.7934	
Locus72	11.1314	-0.0119	-0.0042	-0.0065	-0.0202	-0.0135	0.0158	-0.4926	
Locus73	11.1314	-0.0438	-0.0153	-0.0241	-0.0754	-0.0501	-0.0028	-0.5588	
Locus74	11.1314	-0.0597	-0.0213	-0.0343	-0.1048	-0.0682	-0.0107	-0.616	
Locus75	11.1314	-0.0038	-0.0015	-0.0025	-0.0068	-0.0043	0.03	-0.66	
Locus76	11.1314	-0.015	-0.0065	-0.0116	-0.029	-0.0172	0.0216	-0.7114	
Locus77	11.1314	-0.0395	-0.0165	-0.0292	-0.0756	-0.0451	0.002	-0.7391	
Locus78	11.1314	0.0227	0.0083	0.0129	0.0385	0.0259	0.0449	-0.5511	
Locus79	11.1314	-0.0411	-0.0145	-0.0229	-0.071	-0.047	0.0016	-0.5849	
Locus80	11.1314	-0.0436	-0.0172	-0.0293	-0.0805	-0.0498	-0.0054	-0.6065	
Locus81	11.1314	-0.0113	-0.0039	-0.006	-0.019	-0.0129	0.0169	-0.467	
Locus82	11.1314	-0.0418	-0.018	-0.0327	-0.082	-0.0477	2e-04	-0.7969	
Locus83	11.1314	0.0662	0.0265	0.0423	0.1148	0.0756	0.0764	-0.5982	
Locus84	11.1314	0.0031	0.0011	0.0017	0.0052	0.0035	0.0293	-0.5404	
Locus85	11.1314	-0.0111	-0.0044	-0.0073	-0.0201	-0.0127	0.025	-0.6677	
Locus86	11.1314	-0.0336	-0.0139	-0.0243	-0.0636	-0.0384	0.0029	-0.6732	
Locus87	11.1314	-0.0376	-0.0142	-0.0234	-0.0673	-0.0429	-8e-04	-0.5755	
Locus88	11.1314	0.0184	0.0076	0.0128	0.0336	0.0211	0.0395	-0.5305	
Locus89	11.1314	-0.0292	-0.0126	-0.0227	-0.0568	-0.0334	0.0106	-0.7947	
Locus90	11.1314	-0.0358	-0.0152	-0.0271	-0.0692	-0.0409	0.0053	-0.751	
Locus91	11.1314	0.0061	0.0022	0.0034	0.0104	0.007	0.0319	-0.5356	
Locus92	11.1314	-0.0328	-0.0129	-0.0217	-0.06	-0.0375	0.0068	-0.6557	
Locus93	11.1314	-0.0506	-0.0166	-0.0253	-0.0846	-0.0578	-0.005	-0.5145	
Locus94	11.1314	-0.0268	-0.0115	-0.0205	-0.0518	-0.0307	0.0073	-0.7012	
Locus95	11.1314	-0.0194	-0.0081	-0.0141	-0.0366	-0.0222	0.0198	-0.7033	
Locus96	11.1314	0.0067	0.0026	0.0042	0.0119	0.0077	0.0354	-0.6149	
Locus97	11.1314	-0.007	-0.0029	-0.005	-0.013	-0.008	0.0229	-0.5729	
Locus98	11.1314	-0.0449	-0.0166	-0.0271	-0.0797	-0.0513	-2e-04	-0.6351	
Locus99	11.1314	0.0227	0.008	0.0122	0.0378	0.0259	0.0411	-0.5255	
Locus100	11.1314	-0.0276	-0.0095	-0.0147	-0.0467	-0.0315	0.0037	-0.4475	
Locus101	11.1314	-0.0256	-0.0093	-0.0148	-0.0445	-0.0293	0.0107	-0.5998	
Locus102	11.1314	0.0166	0.0064	0.0103	0.0291	0.0189	0.0349	-0.5495	
Locus103	11.1314	-0.0327	-0.0126	-0.0209	-0.0591	-0.0374	0.006	-0.661	
Locus104	11.1314	-0.0283	-0.0114	-0.0195	-0.0524	-0.0323	0.0107	-0.6879	
Locus105	11.1314	-0.048	-0.017	-0.027	-0.0834	-0.0549	-0.0029	-0.5775	
Locus106	11.1314	-0.0365	-0.0151	-0.0264	-0.0693	-0.0418	0.0042	-0.7414	
Locus107	11.1314	0.0012	5e-04	9e-04	0.0022	0.0013	0.0344	-0.6921	
Locus108	11.1314	-0.0276	-0.0115	-0.0201	-0.0523	-0.0316	0.0121	-0.7605	
Locus109	11.1314	-0.0328	-0.0124	-0.0203	-0.0586	-0.0375	0.0044	-0.6509	
Locus110	11.1314	-0.0355	-0.0146	-0.0254	-0.067	-0.0406	0.0062	-0.7474	
Locus111	11.1314	-0.035	-0.0154	-0.0283	-0.0694	-0.04	0.002	-0.7403	
Locus112	11.1314	-0.0351	-0.0138	-0.0233	-0.0643	-0.0402	8e-04	-0.5945	
Locus113	11.1314	-0.0019	-7e-04	-0.0011	-0.0033	-0.0022	0.0248	-0.5768	
Locus114	11.1314	-0.0293	-0.0116	-0.0196	-0.0537	-0.0335	0.004	-0.5391	
Locus115	11.1314	0.0142	0.0065	0.0119	0.0279	0.0162	0.0478	-0.714	
Locus116	11.1314	-0.0293	-0.0128	-0.0232	-0.0575	-0.0335	0.0078	-0.7254	
Locus117	11.1314	0.0092	0.0037	0.0062	0.0166	0.0105	0.0368	-0.6743	
Locus118	11.1314	0.0311	0.012	0.0191	0.0541	0.0356	0.0452	-0.4294	
Locus119	11.1314	-0.034	-0.015	-0.0276	-0.0675	-0.0389	0.0041	-0.7419	
Locus120	11.1314	-0.0273	-0.0117	-0.0209	-0.0528	-0.0312	0.0125	-0.7305	
Locus121	11.1314	-0.0432	-0.0153	-0.0243	-0.0748	-0.0493	0.0011	-0.5902	
Locus122	11.1314	0.0601	0.0254	0.0421	0.1079	0.0687	0.0777	-0.6601	
Locus123	11.1314	0.0038	0.0014	0.0022	0.0065	0.0043	0.0272	-0.5665	
Locus124	11.1314	-0.0315	-0.0143	-0.0269	-0.0639	-0.0361	0.0042	-0.7186	
Locus125	11.1314	-0.0397	-0.0163	-0.0285	-0.0751	-0.0453	0.0013	-0.7178	
Locus126	11.1314	-0.0385	-0.0133	-0.0207	-0.0657	-0.044	0.0029	-0.5638	
Locus127	11.1314	-0.0051	-0.0021	-0.0036	-0.0094	-0.0058	0.0266	-0.7234	
Locus128	11.1314	0.0086	0.003	0.0046	0.0144	0.0099	0.0282	-0.5125	
Locus129	11.1314	-0.0418	-0.0161	-0.0269	-0.076	-0.0478	0.0017	-0.6779	
Locus130	11.1314	-0.0306	-0.0102	-0.0155	-0.0511	-0.035	0.0062	-0.4769	
Locus131	11.1314	-0.0333	-0.0148	-0.0274	-0.0665	-0.0381	0.0017	-0.721	
Locus132	11.1314	-0.0372	-0.0162	-0.0296	-0.0733	-0.0425	0.0032	-0.7922	
Locus133	11.1314	-0.0322	-0.0118	-0.019	-0.0564	-0.0367	0.0074	-0.613	
Locus134	11.1314	-0.0394	-0.0174	-0.0322	-0.0786	-0.045	4e-04	-0.7906	
Locus135	11.1314	-0.0151	-0.006	-0.01	-0.0275	-0.0173	0.0133	-0.5316	
Locus136	11.1314	-0.0276	-0.0097	-0.0152	-0.0472	-0.0315	0.0085	-0.5695	
Locus137	11.1314	-0.0429	-0.0154	-0.0246	-0.0749	-0.0491	-0.0013	-0.583	
Locus138	11.1314	-0.0434	-0.0143	-0.0218	-0.0724	-0.0496	-8e-04	-0.5135	
Locus139	11.1314	-0.0284	-0.0121	-0.0216	-0.0547	-0.0324	0.0061	-0.6437	
Locus140	11.1314	-0.0402	-0.0147	-0.0237	-0.0707	-0.0459	0.0018	-0.6274	
Locus141	11.1314	-0.0373	-0.0166	-0.0308	-0.0748	-0.0427	0.0043	-0.8237	
Locus142	11.1314	-0.0293	-0.011	-0.0179	-0.052	-0.0335	0.0039	-0.512	
Locus143	11.1314	-0.0213	-0.0085	-0.0144	-0.039	-0.0243	0.0112	-0.5937	
Locus144	11.1314	-0.0392	-0.0138	-0.0217	-0.0676	-0.0449	0.002	-0.562	
Locus145	11.1314	-0.0289	-0.0102	-0.016	-0.0495	-0.033	0.0083	-0.5425	
Locus146	11.1314	-0.0242	-0.0084	-0.013	-0.0411	-0.0277	0.0075	-0.4654	
Locus147	11.1314	-0.0237	-0.0103	-0.0185	-0.0462	-0.0271	0.011	-0.6579	
Locus148	11.1314	0.0572	0.0214	0.0331	0.0963	0.0654	0.059	-0.439	
Locus149	11.1314	-0.0038	-0.0014	-0.0022	-0.0066	-0.0044	0.0257	-0.5809	
Locus150	11.1314	-0.0436	-0.0147	-0.0227	-0.0736	-0.0498	9e-04	-0.5483	
Locus151	11.1314	-0.0381	-0.0168	-0.031	-0.0759	-0.0435	0.0036	-0.8265	
Locus152	11.1314	-0.041	-0.0138	-0.0212	-0.0691	-0.0468	4e-04	-0.5248	
Locus153	11.1314	-0.0251	-0.0113	-0.021	-0.0503	-0.0287	0.009	-0.7512	
Locus154	11.1314	-0.034	-0.0114	-0.0174	-0.057	-0.0389	0.0037	-0.5188	
Locus155	11.1314	-0.0355	-0.0123	-0.0192	-0.0605	-0.0405	0.002	-0.5092	
Locus156	11.1314	-0.0364	-0.0151	-0.0265	-0.0692	-0.0416	0.0037	-0.7174	
Locus157	11.1314	-0.0376	-0.0173	-0.0331	-0.0775	-0.0429	-0.0022	-0.7673	
Locus158	11.1314	-0.0251	-0.009	-0.0142	-0.0433	-0.0287	0.0103	-0.5885	
Locus159	11.1314	-0.0372	-0.0162	-0.0295	-0.0733	-0.0425	0.0038	-0.7941	
Locus160	11.1314	-0.0224	-0.0094	-0.0165	-0.0425	-0.0256	0.0157	-0.6968	
Locus161	11.1314	-0.0293	-0.0126	-0.0226	-0.0568	-0.0334	0.0129	-0.7967	
Locus162	11.1314	-0.0267	-0.0105	-0.0176	-0.0487	-0.0305	0.0131	-0.6875	
Locus163	11.1314	-0.0297	-0.011	-0.0178	-0.0523	-0.0339	0.0023	-0.4762	
Locus164	11.1314	-0.0411	-0.018	-0.0331	-0.0816	-0.047	0.0018	-0.8482	
Locus165	11.1314	-0.0416	-0.0167	-0.0287	-0.0776	-0.0475	-0.0037	-0.6149	
Locus166	11.1314	-0.0085	-0.0035	-0.006	-0.0157	-0.0097	0.0217	-0.6296	
Locus167	11.1314	-0.0168	-0.0071	-0.0124	-0.0319	-0.0192	0.0201	-0.7255	
Locus168	11.1314	-0.0356	-0.0154	-0.0279	-0.0697	-0.0406	0.0058	-0.7972	
Locus169	11.1314	-0.0238	-0.0104	-0.0188	-0.0465	-0.0272	0.0129	-0.7421	
Locus170	11.1314	-0.043	-0.0178	-0.0313	-0.082	-0.0491	-0.0071	-0.6127	
Locus171	11.1314	-0.0337	-0.0117	-0.0183	-0.0575	-0.0385	0.0044	-0.5585	
Locus172	11.1314	-0.0344	-0.0152	-0.028	-0.0684	-0.0393	0.005	-0.789	
Locus173	11.1314	-0.0232	-0.0083	-0.0131	-0.04	-0.0265	0.0074	-0.4526	
Locus174	11.1314	-0.0195	-0.0087	-0.0159	-0.0386	-0.0223	0.0172	-0.7881	
Locus175	11.1314	-0.0271	-0.0092	-0.0141	-0.0456	-0.031	0.0082	-0.5363	
Locus176	11.1314	-0.0289	-0.0114	-0.0192	-0.0529	-0.033	0.0103	-0.6647	
Locus177	11.1314	0.0306	0.0136	0.0239	0.058	0.0349	0.0539	-0.6961	
Locus178	11.1314	-0.0479	-0.0157	-0.0239	-0.0799	-0.0547	-0.002	-0.53	
Locus179	11.1314	-0.0341	-0.0137	-0.0234	-0.0633	-0.039	0.0029	-0.6369	
Locus180	11.1314	-0.0281	-0.01	-0.0158	-0.0484	-0.0322	0.0106	-0.5809	
Locus181	11.1314	-0.0371	-0.0154	-0.027	-0.0706	-0.0424	-0.0011	-0.6588	
Locus182	11.1314	-0.0137	-0.0048	-0.0074	-0.0232	-0.0157	0.0156	-0.5377	
Locus183	11.1314	-0.0159	-0.0063	-0.0106	-0.0289	-0.0181	0.0174	-0.5899	
Locus184	11.1314	-0.0043	-0.0019	-0.0034	-0.0084	-0.005	0.0344	-0.7814	
Locus185	11.1314	-0.0313	-0.0138	-0.0253	-0.062	-0.0357	0.0081	-0.789	
Locus186	11.1314	-3e-04	-1e-04	-2e-04	-5e-04	-3e-04	0.0221	-0.4925	
Locus187	11.1314	-0.0355	-0.0151	-0.027	-0.0687	-0.0406	0.0064	-0.8009	
Locus188	11.1314	-0.0225	-0.0075	-0.0114	-0.0374	-0.0257	0.0105	-0.5043	
Locus189	11.1314	-0.0477	-0.0173	-0.0279	-0.084	-0.0545	-0.0036	-0.6002	
Locus190	11.1314	-0.0446	-0.0181	-0.0314	-0.084	-0.051	-0.0051	-0.6607	
Locus191	11.1314	-0.0295	-0.01	-0.0154	-0.0496	-0.0337	0.0086	-0.5238	
Locus192	11.1314	-0.0274	-0.0125	-0.0235	-0.0556	-0.0313	0.0128	-0.8194	
Locus193	11.1314	-0.0504	-0.0195	-0.0329	-0.0923	-0.0576	-0.0096	-0.6147	
Locus194	11.1314	-0.031	-0.01	-0.015	-0.0509	-0.0354	0.0049	-0.501	
Locus195	11.1314	-0.0255	-0.0111	-0.02	-0.0498	-0.0292	0.0068	-0.6519	
Locus196	11.1314	-0.0218	-0.009	-0.0156	-0.0409	-0.0249	0.0175	-0.7252	
Locus197	11.1314	-0.0412	-0.0171	-0.0301	-0.0786	-0.0471	-0.0072	-0.5913	
Locus198	11.1314	-0.0409	-0.0184	-0.0346	-0.0829	-0.0467	-0.0036	-0.769	
Locus199	11.1314	-0.0463	-0.0174	-0.0287	-0.0831	-0.0529	-0.0025	-0.659	
Locus200	11.1314	0.032	0.0118	0.0183	0.0543	0.0366	0.048	-0.4936	
Locus201	11.1314	-0.0349	-0.0158	-0.0297	-0.0708	-0.0399	2e-04	-0.7194	
Locus202	11.1314	-0.0136	-0.0056	-0.0096	-0.0253	-0.0156	0.0213	-0.6901	
Locus203	11.1314	-0.0322	-0.0146	-0.0274	-0.0653	-0.0368	0.0014	-0.7028	
Locus204	11.1314	-0.0229	-0.0106	-0.0202	-0.0468	-0.0261	0.0113	-0.7148	
Locus205	11.1314	-0.0341	-0.0156	-0.0296	-0.0697	-0.039	4e-04	-0.7338	
Locus206	11.1314	-0.0392	-0.0158	-0.0272	-0.0732	-0.0448	0.0021	-0.7154	
Locus207	11.1314	-0.0335	-0.012	-0.019	-0.0581	-0.0383	0.0044	-0.592	
Locus208	11.1314	-0.0072	-0.0029	-0.0049	-0.0132	-0.0083	0.0182	-0.5734	
Locus209	11.1314	-0.0452	-0.0185	-0.0324	-0.0856	-0.0516	-0.0038	-0.7147	
Locus210	11.1314	-0.0092	-0.0034	-0.0054	-0.016	-0.0105	0.014	-0.4324	
Locus211	11.1314	-0.0391	-0.0176	-0.033	-0.0792	-0.0447	-1e-04	-0.8223	
Locus212	11.1314	-0.0559	-0.0202	-0.0327	-0.0987	-0.0639	-0.0094	-0.6055	
Locus213	11.1314	-0.0156	-0.0057	-0.0091	-0.0271	-0.0179	0.0196	-0.5918	
Locus214	11.1314	0.0297	0.0126	0.0214	0.0546	0.0339	0.0604	-0.6792	
Locus215	11.1314	0.0013	5e-04	8e-04	0.0023	0.0014	0.0233	-0.4959	
Locus216	11.1314	0.0095	0.0035	0.0055	0.0163	0.0109	0.027	-0.4352	
Locus217	11.1314	-0.017	-0.0058	-0.0089	-0.0284	-0.0194	0.0121	-0.5035	
Locus218	11.1314	0.015	0.0055	0.0086	0.0256	0.0171	0.0366	-0.4724	
Locus219	11.1314	-0.0583	-0.0194	-0.0299	-0.0986	-0.0666	-0.0117	-0.5134	
Locus220	11.1314	-0.04	-0.0142	-0.0225	-0.0693	-0.0458	0.0033	-0.5869	
Locus221	11.1314	0.0249	0.0091	0.0141	0.0422	0.0285	0.043	-0.4798	
Locus222	11.1314	-0.0151	-0.0061	-0.0103	-0.0278	-0.0173	0.0229	-0.6792	
Locus223	11.1314	0.0039	0.0014	0.0022	0.0066	0.0045	0.0243	-0.537	
Locus224	11.1314	0.0171	0.0074	0.0129	0.0322	0.0196	0.045	-0.648	
Locus225	11.1314	-0.0467	-0.0193	-0.034	-0.0892	-0.0533	-0.007	-0.6987	
Locus226	11.1314	-0.0203	-0.009	-0.0164	-0.04	-0.0232	0.0135	-0.6649	
Locus227	11.1314	-0.0524	-0.0201	-0.0337	-0.0956	-0.0599	-0.0064	-0.6881	
Locus228	11.1314	-0.0571	-0.0199	-0.0315	-0.0989	-0.0653	-0.0096	-0.5945	
Locus229	11.1314	-0.0357	-0.0149	-0.0262	-0.0681	-0.0408	0.006	-0.7617	
Locus230	11.1314	-0.0154	-0.0065	-0.0114	-0.0292	-0.0176	0.0196	-0.7217	
Locus231	11.1314	-0.0323	-0.0144	-0.0267	-0.0646	-0.0369	0.0039	-0.7388	
Locus232	11.1314	-0.0346	-0.0156	-0.0293	-0.0699	-0.0395	5e-04	-0.7201	
Locus233	11.1314	-0.0456	-0.0153	-0.0236	-0.077	-0.0522	-0.0014	-0.5491	
Locus234	11.1314	-0.0129	-0.0056	-0.01	-0.0249	-0.0147	0.0198	-0.6957	
Locus235	11.1314	-0.0273	-0.0123	-0.0229	-0.0548	-0.0312	0.0071	-0.7035	
Locus236	11.1314	-0.0445	-0.0163	-0.0264	-0.0786	-0.0509	-7e-04	-0.6085	
Locus237	11.1314	0.0164	0.0061	0.0096	0.0281	0.0187	0.043	-0.5771	
Locus238	11.1314	-0.0483	-0.0196	-0.0341	-0.0912	-0.0552	-0.0036	-0.7517	
Locus239	11.1314	0.0277	0.0102	0.0159	0.047	0.0317	0.0391	-0.4551	
Locus240	11.1314	-0.0414	-0.0163	-0.0276	-0.0763	-0.0473	0.0021	-0.7004	
Locus241	11.1314	-0.0312	-0.0137	-0.025	-0.0616	-0.0357	0.0105	-0.8108	
Locus242	11.1314	-0.0306	-0.0129	-0.0228	-0.0586	-0.035	0.0057	-0.67	
Locus243	11.1314	-0.0112	-0.0042	-0.0068	-0.0197	-0.0128	0.0229	-0.6153	
Locus244	11.1314	0.0273	0.011	0.0181	0.0487	0.0312	0.0454	-0.5819	
Locus245	11.1314	-0.0372	-0.0127	-0.0197	-0.063	-0.0426	-4e-04	-0.4608	
Locus246	11.1314	-0.036	-0.0157	-0.0286	-0.071	-0.0411	2e-04	-0.7023	
Locus247	11.1314	-0.0337	-0.0121	-0.0193	-0.0585	-0.0385	0.0058	-0.579	
Locus248	11.1314	-0.0194	-0.0086	-0.0157	-0.0382	-0.0221	0.0154	-0.6908	
Locus249	11.1314	-0.0422	-0.0184	-0.0337	-0.0836	-0.0482	0.0013	-0.8458	
Locus250	11.1314	-0.045	-0.0199	-0.037	-0.0903	-0.0515	-0.0018	-0.8638	
Locus251	11.1314	-0.0235	-0.0086	-0.0137	-0.041	-0.0269	0.0098	-0.5128	
Locus252	11.1314	-0.0318	-0.0136	-0.0244	-0.0615	-0.0363	0.0015	-0.6582	
Locus253	11.1314	5e-04	2e-04	3e-04	9e-04	6e-04	0.0185	-0.4582	
Locus254	11.1314	-0.0302	-0.0099	-0.0149	-0.05	-0.0346	0.006	-0.4966	
Locus255	11.1314	-0.0402	-0.0165	-0.0288	-0.076	-0.0459	3e-04	-0.7124	
Locus256	11.1314	-0.0433	-0.0167	-0.0279	-0.0788	-0.0495	1e-04	-0.6782	
Locus257	11.1314	-0.0237	-0.0105	-0.0192	-0.0468	-0.0271	0.0122	-0.6921	
Locus258	11.1314	-0.0221	-0.009	-0.0154	-0.0411	-0.0252	0.0107	-0.5834	
Locus259	11.1314	-0.0341	-0.0142	-0.0249	-0.0649	-0.039	0.0021	-0.6666	
Locus260	11.1314	-0.0155	-0.0054	-0.0083	-0.0262	-0.0178	0.0164	-0.5455	
Locus261	11.1314	-0.0047	-0.0017	-0.0027	-0.0081	-0.0054	0.0231	-0.4831	
Locus262	11.1314	-0.0131	-0.0057	-0.0102	-0.0253	-0.0149	0.0209	-0.742	
Locus263	11.1314	0.0151	0.0054	0.0083	0.0254	0.0173	0.0361	-0.54	
Locus264	11.1314	-0.0152	-0.0065	-0.0115	-0.0291	-0.0174	0.0201	-0.7669	
Locus265	11.1314	-0.0371	-0.0156	-0.0277	-0.0712	-0.0424	0.002	-0.7187	
Locus266	11.1314	0.0178	0.0079	0.014	0.034	0.0203	0.0454	-0.6486	
Locus267	11.1314	0.0056	0.0021	0.0033	0.0098	0.0065	0.0273	-0.4323	
Locus268	11.1314	0.0221	0.0091	0.0152	0.0401	0.0253	0.0461	-0.6819	
Locus269	11.1314	-0.0461	-0.0155	-0.0239	-0.0779	-0.0527	-7e-04	-0.5485	
Locus270	11.1314	-0.0361	-0.0152	-0.027	-0.0693	-0.0412	0.0049	-0.7573	
Locus271	11.1314	-0.0436	-0.0189	-0.0345	-0.0861	-0.0498	-7e-04	-0.8316	
Locus272	11.1314	-0.0257	-0.0109	-0.0193	-0.0492	-0.0294	0.0103	-0.6874	
Locus273	11.1314	-0.0256	-0.0088	-0.0136	-0.0432	-0.0293	0.0111	-0.5487	
Locus274	11.1314	-0.0382	-0.0171	-0.032	-0.077	-0.0436	-0.0042	-0.721	
Locus275	11.1314	-0.0391	-0.0164	-0.0291	-0.0751	-0.0447	-4e-04	-0.6914	
Locus276	11.1314	-0.01	-0.0038	-0.0062	-0.0177	-0.0115	0.0207	-0.5888	
Locus277	11.1314	-0.0161	-0.0058	-0.0092	-0.0277	-0.0184	0.018	-0.5472	
Locus278	11.1314	-0.0241	-0.0105	-0.0189	-0.047	-0.0276	0.0176	-0.7985	
Locus279	11.1314	-0.0122	-0.0043	-0.0067	-0.0207	-0.014	0.0178	-0.556	
Locus280	11.1314	0.0016	7e-04	0.0013	0.0031	0.0018	0.0346	-0.707	
Locus281	11.1314	-0.0378	-0.0138	-0.0222	-0.0664	-0.0432	0.0033	-0.6148	
Locus282	11.1314	-0.0358	-0.0151	-0.0268	-0.0688	-0.0409	0.0053	-0.7552	
Locus283	11.1314	-0.0448	-0.0162	-0.026	-0.0786	-0.0512	-0.0069	-0.4863	
Locus284	11.1314	-0.0395	-0.0163	-0.0286	-0.075	-0.0451	-0.0033	-0.6263	
Locus285	11.1314	0.0204	0.0074	0.0115	0.0346	0.0234	0.0391	-0.4605	
Locus286	11.1314	-0.042	-0.0176	-0.0313	-0.0807	-0.0479	-6e-04	-0.7565	
Locus287	11.1314	0.0041	0.0014	0.0021	0.0068	0.0047	0.0286	-0.5117	
Locus288	11.1314	-0.0125	-0.0045	-0.0071	-0.0215	-0.0143	0.0138	-0.4808	
Locus289	11.1314	-0.049	-0.0203	-0.0359	-0.0939	-0.056	-0.0046	-0.7764	
Locus290	11.1314	-0.0316	-0.0134	-0.0238	-0.0608	-0.0361	0.0092	-0.7564	
Locus291	11.1314	-0.0369	-0.0154	-0.0271	-0.0705	-0.0422	2e-04	-0.6922	
Locus292	11.1314	-0.0387	-0.0153	-0.026	-0.0713	-0.0442	0.0046	-0.7075	
Locus293	11.1314	0.0055	0.0019	0.0029	0.0092	0.0063	0.0288	-0.5051	
Locus294	11.1314	0.0301	0.0104	0.0156	0.0495	0.0344	0.0416	-0.4816	
Locus295	11.1314	-0.0386	-0.0132	-0.0205	-0.0655	-0.0442	-0.0029	-0.4647	
Locus296	11.1314	-0.0462	-0.0195	-0.0349	-0.0895	-0.0527	-0.0026	-0.8028	
Locus297	11.1314	-0.0297	-0.0133	-0.0247	-0.0595	-0.0339	0.0075	-0.7365	
Locus298	11.1314	0.018	0.0066	0.0103	0.0307	0.0206	0.0415	-0.5586	
Locus299	11.1314	-0.0122	-0.0049	-0.0083	-0.0223	-0.0139	0.0209	-0.6766	
Locus300	11.1314	-0.0458	-0.0154	-0.0238	-0.0773	-0.0523	-6e-04	-0.549	
Locus301	11.1314	-0.0217	-0.0096	-0.0175	-0.0428	-0.0248	0.0107	-0.681	
Locus302	11.1314	0.0076	0.0032	0.0055	0.0141	0.0087	0.0357	-0.6356	
Locus303	11.1314	-0.0514	-0.0167	-0.0254	-0.0856	-0.0587	-0.0051	-0.5263	
Locus304	11.1314	0.0178	0.0064	0.0099	0.03	0.0204	0.0413	-0.5464	
Locus305	11.1314	-0.0068	-0.0023	-0.0035	-0.0113	-0.0078	0.0207	-0.4813	
Locus306	11.1314	-0.0409	-0.0177	-0.0322	-0.0804	-0.0467	-0.0019	-0.7441	
Locus307	11.1314	-0.0292	-0.0102	-0.0159	-0.0498	-0.0334	0.0087	-0.5473	
Locus308	11.1314	-0.0274	-0.011	-0.0187	-0.0506	-0.0314	0.0105	-0.6917	
Locus309	11.1314	-6e-04	-2e-04	-3e-04	-9e-04	-6e-04	0.0284	-0.5637	
Locus310	11.1314	-0.0417	-0.0179	-0.0324	-0.0816	-0.0476	-2e-04	-0.7782	
Locus311	11.1314	-0.0449	-0.0182	-0.0316	-0.0845	-0.0513	-0.0012	-0.747	
Locus312	11.1314	-0.0342	-0.0156	-0.0295	-0.0698	-0.0391	0.0013	-0.7336	
Locus313	11.1314	-0.0124	-0.0055	-0.01	-0.0243	-0.0142	0.0212	-0.7073	
Locus314	11.1314	-0.0176	-0.0079	-0.0146	-0.0349	-0.0201	0.016	-0.688	
Locus315	11.1314	-0.0288	-0.0123	-0.0219	-0.0556	-0.033	0.0078	-0.686	
Locus316	11.1314	-0.0418	-0.0145	-0.0227	-0.0715	-0.0477	-0.0056	-0.4333	
Locus317	11.1314	-0.0203	-0.007	-0.0108	-0.0342	-0.0232	0.0107	-0.4597	
Locus318	11.1314	-0.0325	-0.0131	-0.0225	-0.0604	-0.0371	0.0075	-0.7168	
Locus319	11.1314	-0.0286	-0.0112	-0.0187	-0.0521	-0.0327	0.0119	-0.6792	
Locus320	11.1314	-0.0316	-0.0141	-0.0261	-0.0632	-0.0361	0.0026	-0.6918	
Locus321	11.1314	-0.0219	-0.0092	-0.0161	-0.0415	-0.025	0.0163	-0.7224	
Locus322	11.1314	-0.0567	-0.0209	-0.0343	-0.1012	-0.0647	-0.0103	-0.6294	
Locus323	11.1314	-0.0382	-0.0143	-0.0234	-0.0681	-0.0436	-4e-04	-0.565	
Locus324	11.1314	0.0143	0.0051	0.0079	0.0241	0.0164	0.0341	-0.4874	
Locus325	11.1314	-0.0194	-0.0078	-0.0132	-0.0357	-0.0222	0.0179	-0.6839	
Locus326	11.1314	-0.0429	-0.0191	-0.0356	-0.0864	-0.0491	NA	-0.8796	
Locus327	11.1314	-0.0122	-0.0044	-0.0069	-0.021	-0.0139	0.0156	-0.5208	
Locus328	11.1314	-0.0365	-0.0164	-0.0307	-0.0737	-0.0418	0.0014	-0.7701	
Locus329	11.1314	-0.0337	-0.0116	-0.018	-0.0573	-0.0386	0.0055	-0.5577	
Locus330	11.1314	-0.0387	-0.017	-0.0313	-0.0769	-0.0442	-0.0034	-0.6961	
Locus331	11.1314	-0.0227	-0.008	-0.0125	-0.0387	-0.0259	0.0127	-0.5638	
Locus332	11.1314	-0.0374	-0.0161	-0.0291	-0.0731	-0.0427	-0.0023	-0.6717	
Locus333	11.1314	-0.0424	-0.0182	-0.033	-0.083	-0.0484	-0.002	-0.778	
Locus334	11.1314	-0.0221	-0.0076	-0.0117	-0.0373	-0.0253	0.0096	-0.4571	
Locus335	11.1314	-0.0311	-0.0139	-0.0258	-0.0623	-0.0356	0.005	-0.7203	
Locus336	11.1314	-0.0327	-0.012	-0.0193	-0.0574	-0.0374	0.0019	-0.5101	
Locus337	11.1314	-0.0188	-0.0082	-0.0148	-0.0365	-0.0215	0.0215	-0.7737	
Locus338	11.1314	-0.0408	-0.0162	-0.0276	-0.0756	-0.0467	0.001	-0.6972	
Locus339	11.1314	-0.0399	-0.0176	-0.0325	-0.0796	-0.0457	0.001	-0.8086	
Locus340	11.1314	-0.0343	-0.0126	-0.0203	-0.0603	-0.0392	-0.0012	-0.4697	
Locus341	11.1314	-0.0324	-0.0142	-0.0259	-0.0639	-0.037	0.0014	-0.6673	
Locus342	11.1314	-0.0225	-0.0081	-0.0128	-0.0389	-0.0258	0.0147	-0.5863	
Locus343	11.1314	-0.0133	-0.0053	-0.0089	-0.0242	-0.0152	0.0164	-0.5421	
Locus344	11.1314	-0.0539	-0.0187	-0.0295	-0.0929	-0.0616	-0.0065	-0.5822	
Locus345	11.1314	-0.0276	-0.0105	-0.0172	-0.0493	-0.0316	0.0112	-0.625	
Locus346	11.1314	-0.021	-0.008	-0.0131	-0.0374	-0.024	0.0091	-0.5075	
Locus347	11.1314	-0.047	-0.0195	-0.0345	-0.09	-0.0537	-0.0027	-0.776	
Locus348	11.1314	-0.0092	-0.0036	-0.0059	-0.0165	-0.0105	0.0248	-0.6398	
Locus349	11.1314	-0.0422	-0.0178	-0.0318	-0.0815	-0.0482	-4e-04	-0.7711	
Locus350	11.1314	-0.0359	-0.0152	-0.0271	-0.0692	-0.041	0.006	-0.7855	
Locus351	11.1314	-0.0213	-0.008	-0.013	-0.0377	-0.0244	0.0093	-0.4798	
Locus352	11.1314	0.0021	8e-04	0.0013	0.0037	0.0024	0.0261	-0.5596	
Locus353	11.1314	-0.0253	-0.011	-0.0199	-0.0493	-0.0289	0.015	-0.7639	
Locus354	11.1314	-0.0293	-0.0122	-0.0214	-0.0555	-0.0335	0.0057	-0.6224	
Locus355	11.1314	-0.0445	-0.0178	-0.0306	-0.083	-0.0509	-2e-04	-0.7239	
Locus356	11.1314	-0.0502	-0.017	-0.0264	-0.0852	-0.0573	-0.003	-0.5594	
Locus357	11.1314	-0.03	-0.0129	-0.0232	-0.0582	-0.0343	0.0065	-0.6759	
Locus358	11.1314	-0.0481	-0.0174	-0.028	-0.0846	-0.055	-0.0023	-0.6163	
Locus359	11.1314	0.0124	0.0046	0.0073	0.0213	0.0141	0.0296	-0.438	
Locus360	11.1314	-0.041	-0.0166	-0.0287	-0.0769	-0.0468	4e-04	-0.7208	
Locus361	11.1314	-0.0487	-0.0188	-0.0316	-0.089	-0.0557	-0.005	-0.691	
Locus362	11.1314	-0.022	-0.0074	-0.0113	-0.0367	-0.0251	0.0087	-0.4756	
Locus363	11.1314	-0.0316	-0.0141	-0.0261	-0.0632	-0.0361	0.0021	-0.6753	
Locus364	11.1314	-0.0234	-0.0082	-0.0128	-0.0398	-0.0267	0.007	-0.4801	
Locus365	11.1314	-0.0438	-0.0192	-0.0354	-0.0872	-0.0501	-0.0037	-0.7906	
Locus366	11.1314	-0.0078	-0.0035	-0.0064	-0.0154	-0.0089	0.0253	-0.6577	
Locus367	11.1314	-0.024	-0.0104	-0.0187	-0.0466	-0.0274	0.0111	-0.7109	
Locus368	11.1314	-0.0479	-0.0197	-0.0346	-0.0912	-0.0547	-0.0053	-0.741	
Locus369	11.1314	-0.0367	-0.0158	-0.0286	-0.0717	-0.0419	0.0031	-0.7476	
Locus370	11.1314	-0.0174	-0.006	-0.0092	-0.0293	-0.0199	0.0152	-0.5402	
Locus371	11.1314	-0.0382	-0.0151	-0.0256	-0.0704	-0.0437	0.0037	-0.6814	
Locus372	11.1314	-0.0207	-0.0086	-0.0149	-0.039	-0.0237	0.0105	-0.5653	
Locus373	11.1314	-0.0353	-0.0156	-0.0288	-0.0702	-0.0403	7e-04	-0.7246	
Locus374	11.1314	-0.0359	-0.012	-0.0183	-0.0602	-0.0411	0.0024	-0.5342	
Locus375	11.1314	-0.0318	-0.0105	-0.0159	-0.0529	-0.0364	0.0042	-0.5219	
Locus376	11.1314	-0.0237	-0.01	-0.0176	-0.0451	-0.027	0.0103	-0.6352	
Locus377	11.1314	-0.0378	-0.0149	-0.0252	-0.0695	-0.0432	0.0037	-0.6952	
Locus378	11.1314	-0.0307	-0.0106	-0.0165	-0.0521	-0.0351	0.0073	-0.5566	
Locus379	11.1314	-0.0377	-0.0161	-0.0289	-0.0732	-0.0431	0.0048	-0.8141	
Locus380	11.1314	-0.0142	-0.0052	-0.0083	-0.0246	-0.0162	0.0133	-0.4731	
Locus381	11.1314	0.0058	0.0021	0.0033	0.0099	0.0066	0.0281	-0.5749	
Locus382	11.1314	-0.0264	-0.0095	-0.0151	-0.0457	-0.0302	0.0046	-0.4471	
Locus383	11.1314	-0.0281	-0.0102	-0.0163	-0.0489	-0.0321	0.0047	-0.4856	
Locus384	11.1314	-0.0494	-0.0178	-0.0286	-0.0867	-0.0564	-0.0035	-0.6131	
Locus385	11.1314	-0.0344	-0.0141	-0.0245	-0.0648	-0.0393	0.0024	-0.6412	
Locus386	11.1314	-0.0441	-0.0185	-0.0329	-0.085	-0.0504	-0.0017	-0.7667	
Locus387	11.1314	-0.0436	-0.0189	-0.0345	-0.0861	-0.0499	-4e-04	-0.8303	
Locus388	11.1314	-0.0427	-0.0187	-0.0344	-0.0849	-0.0488	-3e-04	-0.8273	
Locus389	11.1314	-0.0127	-0.0055	-0.0098	-0.0244	-0.0145	0.0262	-0.7754	
Locus390	11.1314	-0.0122	-0.0048	-0.008	-0.0221	-0.014	0.0173	-0.4999	
Locus391	11.1314	-0.0252	-0.0109	-0.0196	-0.0489	-0.0288	0.012	-0.7164	
Locus392	11.1314	-0.037	-0.0139	-0.0228	-0.066	-0.0423	-0.0012	-0.5183	
Locus393	11.1314	-0.0401	-0.0166	-0.0291	-0.0763	-0.0459	0.0014	-0.7254	
Locus394	11.1314	-0.0178	-0.007	-0.0117	-0.0323	-0.0204	0.0149	-0.6078	
Locus395	11.1314	-0.0349	-0.0157	-0.0294	-0.0704	-0.0398	-0.001	-0.6889	
Locus396	11.1314	-0.0223	-0.0087	-0.0145	-0.0403	-0.0254	0.0108	-0.577	
Locus397	11.1314	-0.0552	-0.0214	-0.0362	-0.1016	-0.0631	-0.0099	-0.6799	
Locus398	11.1314	-0.0262	-0.0095	-0.0151	-0.0455	-0.0299	0.0052	-0.5043	
Locus399	11.1314	-0.0397	-0.0133	-0.0204	-0.0667	-0.0453	-2e-04	-0.4732	
Locus400	11.1314	-0.0182	-0.0064	-0.01	-0.031	-0.0208	0.0161	-0.5412	
Locus401	11.1314	-0.0363	-0.0127	-0.0199	-0.0622	-0.0414	0.0051	-0.5744	
Locus402	11.1314	0.0068	0.0023	0.0035	0.0112	0.0077	0.031	-0.5113	
Locus403	11.1314	-0.0395	-0.0165	-0.0292	-0.0756	-0.0452	NA	-0.723	
Locus404	11.1314	-0.0294	-0.0101	-0.0156	-0.0498	-0.0336	0.0085	-0.5494	
Locus405	11.1314	-0.0115	-0.0042	-0.0067	-0.0199	-0.0131	0.0138	-0.4693	
Locus406	11.1314	0.0437	0.0185	0.0311	0.0795	0.05	0.0653	-0.5899	
Locus407	11.1314	-0.0335	-0.0111	-0.0169	-0.0558	-0.0383	0.0039	-0.511	
Locus408	11.1314	-0.0402	-0.0149	-0.0243	-0.0713	-0.0459	-0.0018	-0.5461	
Locus409	11.1314	-0.0187	-0.0068	-0.0108	-0.0324	-0.0214	0.0087	-0.4527	
Locus410	11.1314	-0.0205	-0.0087	-0.0153	-0.0391	-0.0234	0.0149	-0.6605	
Locus411	11.1314	-0.0413	-0.0179	-0.0326	-0.0813	-0.0472	-0.003	-0.7443	
Locus412	11.1314	-0.0261	-0.0109	-0.0191	-0.0495	-0.0299	0.0139	-0.7316	
Locus413	11.1314	-0.0408	-0.0169	-0.0297	-0.0777	-0.0466	0.0025	-0.7625	
Locus414	11.1314	-0.0234	-0.0079	-0.0121	-0.0391	-0.0267	0.0113	-0.5329	
Locus415	11.1314	0.0011	4e-04	6e-04	0.0019	0.0012	0.0229	-0.5646	
Locus416	11.1314	-0.0329	-0.0108	-0.0163	-0.0545	-0.0376	0.0064	-0.4985	
Locus417	11.1314	-0.0315	-0.0141	-0.0262	-0.0632	-0.036	0.005	-0.7203	
Locus418	11.1314	-0.0268	-0.0113	-0.0199	-0.0512	-0.0307	0.014	-0.758	
Locus419	11.1314	-0.0328	-0.0132	-0.0226	-0.0609	-0.0375	0.0081	-0.7116	
Locus420	11.1314	-0.0262	-0.0105	-0.0178	-0.0483	-0.03	0.0064	-0.5531	
Locus421	11.1314	-0.0321	-0.0123	-0.0203	-0.0578	-0.0367	0.0083	-0.6606	
Locus422	11.1314	-0.0077	-0.0029	-0.0047	-0.0135	-0.0088	0.0245	-0.606	
Locus423	11.1314	-0.0192	-0.0079	-0.0136	-0.0358	-0.0219	0.0108	-0.5561	
Locus424	11.1314	0.0231	0.0092	0.015	0.0411	0.0264	0.0439	-0.5867	
Locus425	11.1314	-0.0106	-0.004	-0.0065	-0.0187	-0.0122	0.0169	-0.4686	
Locus426	11.1314	-0.0481	-0.0188	-0.0318	-0.0886	-0.055	-0.0035	-0.6997	
Locus427	11.1314	-0.0395	-0.0161	-0.0279	-0.0744	-0.0452	0.0035	-0.7364	
Locus428	11.1314	0.0082	0.0034	0.0058	0.0151	0.0094	0.0403	-0.6849	
Locus429	11.1314	-0.0226	-0.0076	-0.0116	-0.0378	-0.0259	0.0105	-0.5257	
Locus430	11.1314	-0.0144	-0.005	-0.0077	-0.0243	-0.0165	0.0138	-0.4589	
Locus431	11.1314	-8e-04	-3e-04	-5e-04	-0.0014	-0.001	0.0255	-0.5597	
Locus432	11.1314	-0.0266	-0.0108	-0.0185	-0.0495	-0.0304	0.0145	-0.7154	
Locus433	11.1314	-0.0455	-0.0165	-0.0266	-0.08	-0.052	-0.0025	-0.6149	
Locus434	11.1314	-0.0391	-0.0143	-0.0231	-0.0688	-0.0447	0.0022	-0.599	
Locus435	11.1314	-0.0293	-0.0115	-0.0193	-0.0535	-0.0335	0.0105	-0.6584	
Locus436	11.1314	-0.053	-0.0196	-0.0321	-0.0946	-0.0605	-0.0064	-0.6455	
Locus437	11.1314	-0.0422	-0.0148	-0.0233	-0.0726	-0.0482	-0.0016	-0.5293	
Locus438	11.1314	-0.0057	-0.0024	-0.0042	-0.0107	-0.0065	0.0224	-0.556	
Locus439	11.1314	-0.0439	-0.0178	-0.0309	-0.0826	-0.0502	-0.0012	-0.7374	
Locus440	11.1314	-0.0385	-0.0154	-0.0263	-0.0715	-0.044	-0.0028	-0.5806	
Locus441	11.1314	-0.0237	-0.0095	-0.0161	-0.0436	-0.027	0.0115	-0.6234	
Locus442	11.1314	-0.0417	-0.0181	-0.033	-0.0823	-0.0476	-1e-04	-0.8118	
Locus443	11.1314	-0.0061	-0.0028	-0.0052	-0.0122	-0.0069	0.0255	-0.7139	
Locus444	11.1314	-0.0102	-0.0042	-0.0072	-0.0189	-0.0116	0.0227	-0.6679	
Locus445	11.1314	-0.0017	-6e-04	-9e-04	-0.0029	-0.0019	0.0256	-0.5473	
Locus446	11.1314	-0.0178	-0.0058	-0.0087	-0.0292	-0.0204	0.0142	-0.4963	
Locus447	11.1314	-0.0465	-0.0199	-0.0361	-0.0911	-0.0531	-0.0055	-0.7643	
Locus448	11.1314	-0.0532	-0.0196	-0.032	-0.0948	-0.0609	-0.0072	-0.6228	
Locus449	11.1314	-0.0178	-0.0062	-0.0096	-0.0302	-0.0204	0.0147	-0.5458	
Locus450	11.1314	-0.0457	-0.0197	-0.0358	-0.09	-0.0523	-0.0032	-0.8137	
Locus451	11.1314	-0.0441	-0.0194	-0.0359	-0.0881	-0.0504	-5e-04	-0.8627	
Locus452	11.1314	-0.0512	-0.0165	-0.025	-0.0849	-0.0585	-0.0042	-0.5162	
Locus453	11.1314	-0.0107	-0.0047	-0.0084	-0.0208	-0.0122	0.0277	-0.7613	
Locus454	11.1314	-0.0177	-0.006	-0.0092	-0.0296	-0.0202	0.0169	-0.5299	
Locus455	11.1314	-0.0434	-0.0177	-0.0308	-0.082	-0.0497	-0.003	-0.6848	
Locus456	11.1314	0.0134	0.0052	0.0084	0.0236	0.0153	0.0393	-0.6218	
Locus457	11.1314	0.0662	0.0283	0.0471	0.1192	0.0756	0.0842	-0.6651	
Locus458	11.1314	-0.0064	-0.0023	-0.0036	-0.011	-0.0073	0.0208	-0.475	
Locus459	11.1314	-0.0361	-0.0143	-0.0243	-0.0665	-0.0412	0.002	-0.6207	
Locus460	11.1314	-0.0312	-0.0105	-0.0161	-0.0523	-0.0357	0.0071	-0.5363	
Locus461	11.1314	-0.0182	-0.0069	-0.0112	-0.0323	-0.0208	0.0115	-0.5025	
Locus462	11.1314	-0.012	-0.005	-0.0087	-0.0225	-0.0137	0.02	-0.6129	
Locus463	11.1314	-0.0454	-0.0182	-0.0314	-0.0848	-0.0518	-0.0013	-0.729	
Locus464	11.1314	-0.0453	-0.0187	-0.0329	-0.0863	-0.0517	-0.0019	-0.7759	
Locus465	11.1314	-0.0422	-0.0182	-0.0331	-0.0829	-0.0482	0.0014	-0.8312	
Locus466	11.1314	-0.0422	-0.0176	-0.0311	-0.0808	-0.0482	3e-04	-0.7754	
Locus467	11.1314	-0.0379	-0.0157	-0.0275	-0.0721	-0.0433	0.0041	-0.74	
Locus468	11.1314	-0.0191	-0.0067	-0.0104	-0.0325	-0.0218	0.0087	-0.4723	
Locus469	11.1314	-0.0222	-0.0082	-0.0132	-0.0389	-0.0254	0.016	-0.6066	
Locus470	11.1314	-0.0646	-0.0226	-0.036	-0.1125	-0.0738	-0.0132	-0.6009	
Locus471	11.1314	-0.0461	-0.0198	-0.0359	-0.0906	-0.0527	-0.005	-0.7816	
Locus472	11.1314	-0.0122	-0.005	-0.0085	-0.0226	-0.014	0.022	-0.7195	
Locus473	11.1314	-0.0381	-0.0167	-0.0307	-0.0755	-0.0435	6e-04	-0.7572	
Locus474	11.1314	-0.0148	-0.006	-0.0102	-0.0273	-0.0169	0.0176	-0.6737	
Locus475	11.1314	-0.0402	-0.0165	-0.0288	-0.076	-0.0459	0.0029	-0.7504	
Locus476	11.1314	0.0107	0.0043	0.0071	0.0193	0.0122	0.0335	-0.4873	
Locus477	11.1314	-0.0283	-0.0125	-0.0229	-0.056	-0.0324	0.0075	-0.7085	
Locus478	11.1314	0.0277	0.0102	0.0159	0.0471	0.0317	0.0432	-0.487	
Locus479	11.1314	-0.0199	-0.0076	-0.0125	-0.0355	-0.0227	0.0146	-0.5887	
Locus480	11.1314	-0.0303	-0.0135	-0.0249	-0.0605	-0.0346	0.0072	-0.7533	
Locus481	11.1314	-0.0355	-0.0116	-0.0175	-0.0588	-0.0406	0.0031	-0.4811	
Locus482	11.1314	-0.023	-0.0104	-0.0194	-0.0461	-0.0263	0.0105	-0.7027	
Locus483	11.1314	-0.0409	-0.0152	-0.0248	-0.0727	-0.0468	-8e-04	-0.622	
Locus484	11.1314	0.0061	0.0021	0.0032	0.0102	0.007	0.028	-0.4987	
Locus485	11.1314	-0.0109	-0.0037	-0.0056	-0.0182	-0.0125	0.0183	-0.5264	
Locus486	11.1314	-0.0343	-0.014	-0.0242	-0.0644	-0.0392	0.0017	-0.635	
Locus487	11.1314	-0.0433	-0.0145	-0.0223	-0.0728	-0.0494	-0.0045	-0.4735	
Locus488	11.1314	-0.047	-0.0167	-0.0266	-0.0818	-0.0537	-0.002	-0.6013	
Locus489	11.1314	0.024	0.0086	0.0132	0.0403	0.0275	0.0388	-0.5009	
Locus490	11.1314	-0.0535	-0.0197	-0.0322	-0.0953	-0.0611	-0.0095	-0.6032	
Locus491	11.1314	-0.0344	-0.0136	-0.023	-0.0632	-0.0393	5e-04	-0.5616	
Locus492	11.1314	-0.0282	-0.0121	-0.0217	-0.0546	-0.0322	0.0134	-0.7879	
Locus493	11.1314	-0.026	-0.0101	-0.0168	-0.047	-0.0297	0.012	-0.6532	
Locus494	11.1314	-0.0454	-0.0151	-0.0232	-0.0762	-0.0519	-0.0027	-0.5049	
Locus495	11.1314	-0.0263	-0.0114	-0.0205	-0.0512	-0.0301	0.01	-0.6976	
Locus496	11.1314	-0.038	-0.0168	-0.031	-0.0758	-0.0434	0.0049	-0.8476	
Locus497	11.1314	-0.0343	-0.0125	-0.02	-0.0601	-0.0392	0.0056	-0.6134	
Locus498	11.1314	-0.0568	-0.0192	-0.0299	-0.0967	-0.0649	-0.009	-0.5472	
Locus499	11.1314	-0.037	-0.0165	-0.0307	-0.0743	-0.0422	-0.0014	-0.7214	
Locus500	11.1314	-0.019	-0.0081	-0.0143	-0.0363	-0.0217	0.0125	-0.6171	
Locus501	11.1314	-0.0411	-0.0157	-0.026	-0.0743	-0.047	0.0018	-0.6654	
Locus502	11.1314	-0.0044	-0.0016	-0.0025	-0.0075	-0.005	0.0175	-0.4224	
Locus503	11.1314	-0.039	-0.0171	-0.0314	-0.0774	-0.0445	-0.0038	-0.6946	
Locus504	11.1314	-0.0353	-0.0156	-0.0288	-0.0703	-0.0404	0.0012	-0.707	
Locus505	11.1314	-0.0262	-0.0113	-0.0203	-0.0508	-0.03	0.0077	-0.6398	
Locus506	11.1314	-0.0027	-0.001	-0.0016	-0.0046	-0.003	0.027	-0.5638	
Locus507	11.1314	-0.0226	-0.0099	-0.018	-0.0442	-0.0258	0.011	-0.679	
Locus508	11.1314	-0.0283	-0.0096	-0.0148	-0.0475	-0.0323	0.0092	-0.5421	
Locus509	11.1314	-0.0335	-0.0116	-0.0181	-0.057	-0.0383	0.0025	-0.5315	
Locus510	11.1314	-0.0331	-0.0142	-0.0255	-0.0643	-0.0378	0.0028	-0.6849	
Locus511	11.1314	-0.0344	-0.0153	-0.0283	-0.0688	-0.0393	0.0029	-0.738	
Locus512	11.1314	-0.0389	-0.0139	-0.0221	-0.0675	-0.0444	-0.0015	-0.5111	
Locus513	11.1314	0.0143	0.0058	0.0097	0.0259	0.0164	0.0384	-0.5776	
Locus514	11.1314	-0.0122	-0.0044	-0.0069	-0.021	-0.014	0.0173	-0.5344	
Locus515	11.1314	-0.0249	-0.0084	-0.0128	-0.0416	-0.0284	0.0064	-0.4953	
Locus516	11.1314	-0.0261	-0.0123	-0.0238	-0.0544	-0.0298	0.0089	-0.746	
Locus517	11.1314	-0.0619	-0.0198	-0.03	-0.1029	-0.0708	-0.0107	-0.5208	
Locus518	11.1314	-0.0238	-0.0107	-0.0198	-0.0476	-0.0272	0.0128	-0.7354	
Locus519	11.1314	-0.0091	-0.0034	-0.0055	-0.0159	-0.0104	0.0154	-0.4464	
Locus520	11.1314	-0.0157	-0.0061	-0.0101	-0.0282	-0.018	0.0193	-0.6167	
Locus521	11.1314	-0.0531	-0.0198	-0.0326	-0.0953	-0.0607	-0.0093	-0.5991	
Locus522	11.1314	-0.0287	-0.0123	-0.022	-0.0555	-0.0328	0.0075	-0.6879	
Locus523	11.1314	-0.0415	-0.0186	-0.0349	-0.084	-0.0474	-0.0015	-0.8224	
Locus524	11.1314	-0.0353	-0.0128	-0.0205	-0.0617	-0.0403	0.0057	-0.6085	
Locus525	11.1314	-0.0417	-0.0146	-0.023	-0.0717	-0.0477	-0.0044	-0.4737	
Locus526	11.1314	-0.0478	-0.0183	-0.0305	-0.0869	-0.0547	-0.0036	-0.6742	
Locus527	11.1314	-0.0398	-0.0178	-0.0333	-0.0803	-0.0455	-0.003	-0.7537	
Locus528	11.1314	0.0223	0.0093	0.0157	0.0408	0.0255	0.0484	-0.6178	
Locus529	11.1314	-0.0341	-0.0143	-0.0252	-0.0652	-0.039	3e-04	-0.619	
Locus530	11.1314	0.0035	0.0012	0.0018	0.0058	0.004	0.0252	-0.4818	
Locus531	11.1314	-0.052	-0.0186	-0.0298	-0.091	-0.0594	-0.0052	-0.6115	
Locus532	11.1314	-0.0344	-0.015	-0.0273	-0.0677	-0.0393	0.0021	-0.7101	
Locus533	11.1314	-0.0317	-0.0138	-0.0251	-0.0622	-0.0362	0.0097	-0.7964	
Locus534	11.1314	-0.0271	-0.0117	-0.021	-0.0526	-0.0309	0.0103	-0.745	
Locus535	11.1314	-0.0274	-0.0123	-0.0229	-0.0548	-0.0313	0.0054	-0.6743	
Locus536	11.1314	-0.0314	-0.0123	-0.0206	-0.0573	-0.0359	0.0075	-0.6675	
Locus537	11.1314	-0.0377	-0.0159	-0.0283	-0.0726	-0.0431	0.002	-0.7391	
Locus538	11.1314	-0.0173	-0.0071	-0.0122	-0.0322	-0.0198	0.0138	-0.5594	
Locus539	11.1314	-0.0369	-0.0154	-0.0271	-0.0705	-0.0422	0.0037	-0.7287	
Locus540	11.1314	-0.0314	-0.0137	-0.0249	-0.0617	-0.0359	0.007	-0.7279	
Locus541	11.1314	-0.0518	-0.0178	-0.0279	-0.0887	-0.0592	-0.0045	-0.5719	
Locus542	11.1314	-0.0353	-0.0123	-0.0192	-0.0604	-0.0404	0.0061	-0.569	
Locus543	11.1314	-0.0297	-0.0124	-0.0217	-0.0564	-0.034	0.0073	-0.6784	
Locus544	11.1314	-0.0275	-0.012	-0.0218	-0.0539	-0.0314	0.0138	-0.7778	
Locus545	11.1314	-0.0369	-0.0158	-0.0284	-0.0718	-0.0422	0.0055	-0.8011	
Locus546	11.1314	-0.0587	-0.0189	-0.0287	-0.0977	-0.0671	-0.0092	-0.5062	
Locus547	11.1314	-0.0226	-0.0093	-0.0161	-0.0423	-0.0258	0.0168	-0.7227	
Locus548	11.1314	-0.0265	-0.0118	-0.0218	-0.0527	-0.0303	0.0102	-0.7215	
Locus549	11.1314	0.002	7e-04	0.0011	0.0033	0.0022	0.0291	-0.5547	
Locus550	11.1314	-0.0096	-0.0033	-0.005	-0.0161	-0.011	0.0199	-0.4959	
Locus551	11.1314	-0.0337	-0.0153	-0.0289	-0.0684	-0.0385	0.0055	-0.8034	
Locus552	11.1314	-0.0136	-0.0048	-0.0075	-0.0231	-0.0155	0.0181	-0.5601	
Locus553	11.1314	0.0194	0.0071	0.0111	0.033	0.0221	0.0358	-0.4972	
Locus554	11.1314	-0.0144	-0.0054	-0.0087	-0.0253	-0.0165	0.0159	-0.5363	
Locus555	11.1314	-0.0065	-0.0023	-0.0036	-0.0111	-0.0075	0.023	-0.513	
Locus556	11.1314	-0.012	-0.004	-0.006	-0.0198	-0.0137	0.0125	-0.496	
Locus557	11.1314	-0.0079	-0.0027	-0.0041	-0.0132	-0.0091	0.0169	-0.489	
Locus558	11.1314	-0.0482	-0.0166	-0.026	-0.0825	-0.0551	-0.0032	-0.5709	
Locus559	11.1314	-0.0279	-0.0111	-0.0188	-0.0512	-0.0318	0.0051	-0.5909	
Locus560	11.1314	-0.0406	-0.0136	-0.0209	-0.0683	-0.0464	-0.0018	-0.5014	
Locus561	11.1314	-0.0242	-0.0105	-0.0189	-0.0471	-0.0277	0.0149	-0.7953	
Locus562	11.1314	-0.0347	-0.0153	-0.0281	-0.0689	-0.0397	0.0045	-0.775	
Locus563	11.1314	-0.0335	-0.0108	-0.0162	-0.0551	-0.0382	0.0059	-0.5036	
Locus564	11.1314	-0.0446	-0.0166	-0.0272	-0.0795	-0.051	-0.002	-0.6482	
Locus565	11.1314	-0.0348	-0.0156	-0.0291	-0.07	-0.0397	0.0022	-0.7522	
Locus566	11.1314	-0.0495	-0.0158	-0.0237	-0.0817	-0.0566	-0.003	-0.5081	
Locus567	11.1314	-0.0301	-0.0128	-0.0228	-0.058	-0.0345	0.0096	-0.7375	
Locus568	11.1314	-0.0226	-0.0088	-0.0146	-0.0408	-0.0258	0.0108	-0.5878	
Locus569	11.1314	-0.0158	-0.0055	-0.0085	-0.0268	-0.0181	0.0128	-0.4787	
Locus570	11.1314	-0.0398	-0.0145	-0.0233	-0.0699	-0.0455	0.0028	-0.6123	
Locus571	11.1314	-0.0646	-0.0217	-0.0338	-0.1101	-0.0738	-0.0141	-0.5318	
Locus572	11.1314	-0.0392	-0.0129	-0.0196	-0.0653	-0.0448	4e-04	-0.4732	
Locus573	11.1314	-0.0361	-0.0162	-0.0303	-0.0728	-0.0413	0.0027	-0.7884	
Locus574	11.1314	-0.0351	-0.016	-0.0303	-0.0716	-0.0401	0.0011	-0.7507	
Locus575	11.1314	-0.0447	-0.0193	-0.0352	-0.088	-0.051	-0.0019	-0.8134	
Locus576	11.1314	-0.0379	-0.0127	-0.0195	-0.0636	-0.0433	0.0033	-0.5349	
Locus577	11.1314	-0.0358	-0.0158	-0.0291	-0.0712	-0.041	0.0024	-0.758	
Locus578	11.1314	-0.0267	-0.0093	-0.0145	-0.0454	-0.0305	0.0085	-0.5406	
Locus579	11.1314	-0.0423	-0.0177	-0.0314	-0.0813	-0.0484	2e-04	-0.7754	
Locus580	11.1314	-0.0329	-0.0149	-0.028	-0.0666	-0.0376	-2e-04	-0.6905	
Locus581	11.1314	-0.0272	-0.0099	-0.0158	-0.0474	-0.031	0.0072	-0.5104	
Locus582	11.1314	-0.0278	-0.0104	-0.0169	-0.0492	-0.0317	0.0065	-0.5358	
Locus583	11.1314	-0.0452	-0.0189	-0.0336	-0.0869	-0.0516	-0.0015	-0.7889	
Locus584	11.1314	0.0127	0.0047	0.0074	0.0218	0.0145	0.0318	-0.4802	
Locus585	11.1314	-0.0355	-0.0154	-0.028	-0.0696	-0.0405	NA	-0.6831	
Locus586	11.1314	-0.0487	-0.0173	-0.0276	-0.0848	-0.0557	-0.0047	-0.5641	
Locus587	11.1314	-0.0333	-0.0151	-0.0284	-0.0675	-0.038	0.002	-0.719	
Locus588	11.1314	-0.0121	-0.004	-0.006	-0.0199	-0.0138	0.019	-0.5065	
Locus589	11.1314	-0.0184	-0.0067	-0.0106	-0.0319	-0.021	0.0106	-0.4534	
Locus590	11.1314	-0.0119	-0.005	-0.0087	-0.0224	-0.0136	0.0187	-0.5971	
Locus591	11.1314	-0.0421	-0.015	-0.0239	-0.0731	-0.0481	4e-04	-0.5954	
Locus592	11.1314	-0.0296	-0.0104	-0.0163	-0.0507	-0.0339	0.0074	-0.5653	
Locus593	11.1314	-0.0313	-0.0119	-0.0196	-0.056	-0.0358	0.0083	-0.6299	
Locus594	11.1314	-0.0572	-0.0194	-0.0302	-0.0976	-0.0654	-0.0113	-0.5137	
Locus595	11.1314	-0.0211	-0.0086	-0.0147	-0.0392	-0.0242	0.0096	-0.5398	
Locus596	11.1314	-0.0392	-0.0129	-0.0196	-0.0653	-0.0448	0.0032	-0.5235	
Locus597	11.1314	-0.059	-0.0211	-0.034	-0.1036	-0.0674	-0.0101	-0.6206	
Locus598	11.1314	-0.0395	-0.0153	-0.0256	-0.0719	-0.0451	0.0018	-0.6791	
Locus599	11.1314	-0.0443	-0.0156	-0.0247	-0.0766	-0.0507	-0.0015	-0.5691	
Locus600	11.1314	-0.0479	-0.0194	-0.0337	-0.0903	-0.0547	-0.0054	-0.7059	
Locus601	11.1314	-0.0333	-0.0134	-0.023	-0.0618	-0.038	0.007	-0.7247	
Locus602	11.1314	-0.0224	-0.0096	-0.0171	-0.0431	-0.0256	0.0097	-0.6183	
Locus603	11.1314	-0.051	-0.0176	-0.0276	-0.0875	-0.0583	-0.0061	-0.5765	
Locus604	11.1314	-0.0432	-0.0188	-0.0344	-0.0855	-0.0493	-4e-04	-0.8267	
Locus605	11.1314	-0.0354	-0.0142	-0.0243	-0.0657	-0.0405	0.0069	-0.7118	
Locus606	11.1314	-0.0211	-0.0086	-0.0147	-0.0392	-0.0241	0.0096	-0.5687	
Locus607	11.1314	0.0161	0.0055	0.0083	0.0266	0.0184	0.0332	-0.5028	
Locus608	11.1314	-0.0469	-0.0183	-0.0309	-0.0862	-0.0536	-0.0059	-0.6364	
Locus609	11.1314	-0.0368	-0.0129	-0.0203	-0.0631	-0.042	-0.0015	-0.4852	
Locus610	11.1314	-0.0377	-0.0144	-0.0239	-0.068	-0.0431	0.0053	-0.6648	
Locus611	11.1314	-0.0393	-0.0138	-0.0217	-0.0676	-0.0449	-0.0019	-0.493	
Locus612	11.1314	-0.0382	-0.015	-0.0253	-0.0701	-0.0437	-0.001	-0.6057	
Locus613	11.1314	-0.0267	-0.0113	-0.02	-0.0511	-0.0305	0.0088	-0.6626	
Locus614	11.1314	-0.0432	-0.0182	-0.0325	-0.0834	-0.0494	-6e-04	-0.7694	
Locus615	11.1314	-0.0135	-0.0056	-0.0097	-0.0252	-0.0154	0.0173	-0.5995	
Locus616	11.1314	-0.0389	-0.0143	-0.0231	-0.0686	-0.0444	0.0025	-0.6248	
Locus617	11.1314	-0.0303	-0.0125	-0.0217	-0.0571	-0.0346	0.0068	-0.7035	
Locus618	11.1314	0.0541	0.0231	0.0388	0.0982	0.0618	0.0761	-0.6441	
Locus619	11.1314	-0.0184	-0.0066	-0.0104	-0.0316	-0.021	0.0137	-0.5209	
Locus620	11.1314	-0.0443	-0.0181	-0.0315	-0.0838	-0.0507	-0.0016	-0.7403	
Locus621	11.1314	-0.0336	-0.0146	-0.0265	-0.0659	-0.0383	0.0087	-0.8147	
Locus622	11.1314	-0.034	-0.0149	-0.0272	-0.0672	-0.0389	0.005	-0.7567	
Locus623	11.1314	-0.0364	-0.0166	-0.0315	-0.0744	-0.0416	-0.0015	-0.734	
Locus624	11.1314	-0.0255	-0.0095	-0.0154	-0.0449	-0.0291	0.0107	-0.6257	
Locus625	11.1314	-0.0487	-0.0186	-0.031	-0.0884	-0.0556	-0.0053	-0.6383	
Locus626	11.1314	-0.0133	-0.0055	-0.0095	-0.0248	-0.0152	0.0198	-0.5928	
Locus627	11.1314	-0.0168	-0.0069	-0.0118	-0.0313	-0.0193	0.0175	-0.6187	
Locus628	11.1314	-0.0276	-0.0092	-0.014	-0.046	-0.0315	0.009	-0.5238	
Locus629	11.1314	0.0112	0.0039	0.006	0.0186	0.0127	0.0362	-0.5293	
Locus630	11.1314	-0.0431	-0.0155	-0.0248	-0.0753	-0.0493	-8e-04	-0.6097	
Locus631	11.1314	-0.0443	-0.0172	-0.0289	-0.081	-0.0506	2e-04	-0.6868	
Locus632	11.1314	-0.0388	-0.0177	-0.0337	-0.0795	-0.0443	3e-04	-0.8204	
Locus633	11.1314	-0.0407	-0.0179	-0.033	-0.081	-0.0465	0.0012	-0.827	
Locus634	11.1314	-0.0461	-0.0161	-0.0254	-0.0794	-0.0527	-0.0044	-0.5304	
Locus635	11.1314	0.0223	0.0084	0.0133	0.0384	0.0254	0.0367	-0.4206	
Locus636	11.1314	-0.0304	-0.0114	-0.0186	-0.054	-0.0348	0.0081	-0.5922	
Locus637	11.1314	-0.0218	-0.0088	-0.015	-0.0403	-0.0249	0.0079	-0.5327	
Locus638	11.1314	-0.0474	-0.0163	-0.0255	-0.081	-0.0542	-0.0037	-0.5346	
Locus639	11.1314	-0.0526	-0.0178	-0.0276	-0.0895	-0.0602	-0.0104	-0.4533	
Locus640	11.1314	-0.0414	-0.0185	-0.0346	-0.0836	-0.0473	-0.0035	-0.7707	
Locus641	11.1314	-0.0461	-0.0159	-0.0249	-0.0789	-0.0527	-0.0041	-0.5169	
Locus642	11.1314	-0.0511	-0.0178	-0.0281	-0.0882	-0.0584	-0.0056	-0.5655	
Locus643	11.1314	-0.0486	-0.0159	-0.0242	-0.0811	-0.0556	-0.0045	-0.4937	
Locus644	11.1314	-0.026	-0.0106	-0.0182	-0.0484	-0.0297	0.0104	-0.6463	
Locus645	11.1314	-0.0413	-0.0148	-0.0236	-0.0719	-0.0472	-0.0039	-0.4984	
Locus646	11.1314	-0.0368	-0.0164	-0.0305	-0.0738	-0.042	0.0033	-0.8063	
Locus647	11.1314	-0.0383	-0.0125	-0.0189	-0.0635	-0.0437	0.0019	-0.4851	
Locus648	11.1314	-0.0419	-0.0183	-0.0336	-0.0831	-0.0479	0.001	-0.8469	
Locus649	11.1314	-0.0105	-0.0039	-0.0062	-0.0183	-0.012	0.0204	-0.5527	
Locus650	11.1314	-0.0118	-0.004	-0.0061	-0.0196	-0.0134	0.0162	-0.4971	
Locus651	11.1314	-0.0198	-0.0073	-0.0117	-0.0346	-0.0226	0.01	-0.5055	
Locus652	11.1314	-0.0256	-0.0115	-0.0213	-0.0512	-0.0292	0.0085	-0.676	
Locus653	11.1314	-0.0417	-0.018	-0.0327	-0.0819	-0.0477	0.0019	-0.8311	
Locus654	11.1314	-0.0206	-0.0086	-0.015	-0.0389	-0.0235	0.0126	-0.6018	
Locus655	11.1314	-0.0494	-0.0179	-0.0289	-0.0869	-0.0564	-0.0047	-0.602	
Locus656	11.1314	-0.0251	-0.0107	-0.019	-0.0482	-0.0287	0.0079	-0.6197	
Locus657	11.1314	-0.0315	-0.0133	-0.0236	-0.0604	-0.036	0.0036	-0.6383	
Locus658	11.1314	0.0053	0.0022	0.0038	0.0098	0.006	0.0393	-0.716	
Locus659	11.1314	-0.0434	-0.0176	-0.0305	-0.0816	-0.0496	-6e-04	-0.7209	
Locus660	11.1314	-0.0345	-0.0152	-0.0279	-0.0685	-0.0394	0.0018	-0.7072	
Locus661	11.1314	-0.0296	-0.0121	-0.0209	-0.0554	-0.0338	0.0076	-0.6569	
Locus662	11.1314	0.0133	0.0055	0.0093	0.0243	0.0151	0.0351	-0.6321	
Locus663	11.1314	-0.0246	-0.0109	-0.02	-0.0486	-0.0281	0.0094	-0.6482	
Locus664	11.1314	-0.0202	-0.0092	-0.0172	-0.0407	-0.0231	0.0146	-0.686	
Locus665	11.1314	-0.0192	-0.0081	-0.0142	-0.0365	-0.0219	0.0164	-0.7701	
Locus666	11.1314	-0.0082	-0.0033	-0.0055	-0.015	-0.0094	0.0246	-0.6024	
Locus667	11.1314	-0.0552	-0.018	-0.0274	-0.0923	-0.0631	-0.0075	-0.531	
Locus668	11.1314	-0.0327	-0.0133	-0.0229	-0.0612	-0.0374	0.0043	-0.6301	
Locus669	11.1314	-0.0329	-0.0147	-0.0273	-0.0659	-0.0376	0.0024	-0.7075	
Locus670	11.1314	-0.0208	-0.0096	-0.0181	-0.0424	-0.0238	0.0135	-0.7004	
Locus671	11.1314	-0.0039	-0.0013	-0.0019	-0.0064	-0.0045	0.0236	-0.4967	
Locus672	11.1314	-0.0293	-0.0109	-0.0177	-0.0518	-0.0335	0.0038	-0.4759	
Locus673	11.1314	-0.0493	-0.017	-0.0266	-0.0845	-0.0564	-0.0034	-0.5735	
Locus674	11.1314	-0.0429	-0.0179	-0.0317	-0.0823	-0.0491	NA	-0.7708	
Locus675	11.1314	-0.0335	-0.0147	-0.0269	-0.0662	-0.0383	0.0014	-0.6776	
Locus676	11.1314	-0.0271	-0.0113	-0.0198	-0.0514	-0.031	0.0099	-0.679	
Locus677	11.1314	0.0344	0.0146	0.0248	0.0631	0.0393	0.0631	-0.6136	
Locus678	11.1314	-0.0647	-0.0215	-0.0333	-0.1097	-0.074	-0.0144	-0.5208	
Locus679	11.1314	-0.0195	-0.007	-0.011	-0.0336	-0.0223	0.0153	-0.5785	
Locus680	11.1314	-0.0181	-0.007	-0.0116	-0.0324	-0.0207	0.0127	-0.5042	
Locus681	11.1314	-0.0423	-0.0174	-0.0305	-0.0803	-0.0483	-0.0027	-0.6913	
Locus682	11.1314	-0.0454	-0.0183	-0.0316	-0.0851	-0.0518	-0.0013	-0.7353	
Locus683	11.1314	-0.0304	-0.0132	-0.0239	-0.0595	-0.0348	0.0088	-0.7584	
Locus684	11.1314	-0.0212	-0.007	-0.0106	-0.0351	-0.0242	0.0127	-0.4779	
Locus685	11.1314	-0.0296	-0.0132	-0.0244	-0.059	-0.0338	0.0061	-0.7072	
Locus686	11.1314	-0.044	-0.0157	-0.025	-0.0766	-0.0503	-5e-04	-0.5816	
Locus687	11.1314	-0.0393	-0.0169	-0.0306	-0.0768	-0.0449	0.0039	-0.8176	
Locus688	11.1314	-0.0412	-0.0182	-0.0337	-0.0824	-0.047	-0.0028	-0.7572	
Locus689	11.1314	-0.036	-0.0119	-0.0181	-0.06	-0.0412	0.0037	-0.522	
Locus690	11.1314	-0.0242	-0.0107	-0.0196	-0.0478	-0.0277	0.0093	-0.6646	
Locus691	11.1314	-0.0541	-0.0189	-0.0299	-0.0936	-0.0619	-0.007	-0.5863	
Locus692	11.1314	-0.0162	-0.0061	-0.0099	-0.0286	-0.0185	0.0176	-0.6279	
Locus693	11.1314	-0.0201	-0.0084	-0.0146	-0.038	-0.023	0.0092	-0.5737	
Locus694	11.1314	-3e-04	-1e-04	-2e-04	-5e-04	-3e-04	0.024	-0.4958	
Locus695	11.1314	-0.0329	-0.0146	-0.027	-0.0656	-0.0376	0.0032	-0.739	
Locus696	11.1314	-0.0353	-0.0123	-0.0192	-0.0604	-0.0404	-8e-04	-0.4768	
Locus697	11.1314	-0.0318	-0.0117	-0.0189	-0.0559	-0.0364	0.0022	-0.4939	
Locus698	11.1314	-0.0404	-0.0178	-0.0329	-0.0805	-0.0462	-0.0017	-0.7733	
Locus699	11.1314	-0.0388	-0.0139	-0.0221	-0.0674	-0.0443	0.0014	-0.5622	
Locus700	11.1314	-0.0229	-0.0098	-0.0174	-0.0441	-0.0262	0.0165	-0.7381	
Locus701	11.1314	-0.0486	-0.0176	-0.0284	-0.0855	-0.0556	-0.0045	-0.5946	
Locus702	11.1314	-0.0383	-0.0135	-0.0213	-0.066	-0.0437	0.0041	-0.5819	
Locus703	11.1314	-0.0457	-0.015	-0.0228	-0.0763	-0.0523	-0.0021	-0.5274	
Locus704	11.1314	-0.0177	-0.006	-0.0092	-0.0296	-0.0203	0.0148	-0.5257	
Locus705	11.1314	-0.0204	-0.0088	-0.0157	-0.0394	-0.0233	0.0208	-0.7979	
Locus706	11.1314	-0.0293	-0.0129	-0.0236	-0.0578	-0.0334	0.0122	-0.8084	
Locus707	11.1314	8e-04	3e-04	5e-04	0.0014	9e-04	0.0319	-0.6371	
Locus708	11.1314	0.0014	5e-04	8e-04	0.0024	0.0016	0.0219	-0.4457	
Locus709	11.1314	-0.0295	-0.0134	-0.0252	-0.0597	-0.0337	0.0061	-0.7844	
Locus710	11.1314	-0.0161	-0.0072	-0.0132	-0.0318	-0.0184	0.0163	-0.6593	
Locus711	11.1314	-0.0276	-0.0123	-0.0227	-0.0549	-0.0315	0.0153	-0.8438	
Locus712	11.1314	-0.044	-0.0163	-0.0266	-0.0782	-0.0503	NA	-0.6392	
Locus713	11.1314	0.0318	0.0113	0.0172	0.0529	0.0363	0.0454	-0.5248	
Locus714	11.1314	-0.0471	-0.0175	-0.0287	-0.084	-0.0538	-0.0056	-0.5962	
Locus715	11.1314	-0.0377	-0.0162	-0.0292	-0.0736	-0.0431	0.0051	-0.8154	
Locus716	11.1314	-0.0401	-0.0174	-0.0317	-0.079	-0.0458	-8e-04	-0.7619	
Locus717	11.1314	-0.0286	-0.0121	-0.0214	-0.0548	-0.0326	0.0095	-0.7093	
Locus718	11.1314	-0.0232	-0.0101	-0.0182	-0.0452	-0.0265	0.0172	-0.7808	
Locus719	11.1314	-0.0417	-0.0146	-0.023	-0.0717	-0.0476	-0.0017	-0.5293	
Locus720	11.1314	0.0361	0.0147	0.0242	0.0645	0.0413	0.0563	-0.6104	
Locus721	11.1314	-5e-04	-2e-04	-3e-04	-9e-04	-5e-04	0.026	-0.5582	
Locus722	11.1314	-0.0248	-0.0106	-0.0188	-0.0478	-0.0284	0.0068	-0.5997	
Locus723	11.1314	-0.0341	-0.0135	-0.0229	-0.0627	-0.0389	-2e-04	-0.5454	
Locus724	11.1314	-0.029	-0.0128	-0.0235	-0.0574	-0.0331	0.011	-0.8075	
Locus725	11.1314	-0.0293	-0.013	-0.0239	-0.0582	-0.0334	0.0052	-0.6913	
Locus726	11.1314	-0.0485	-0.0189	-0.0319	-0.0892	-0.0555	-0.0044	-0.6815	
Locus727	11.1314	-0.001	-4e-04	-6e-04	-0.0018	-0.0012	0.0222	-0.4793	
Locus728	11.1314	-0.0456	-0.0182	-0.0312	-0.085	-0.0521	-0.0042	-0.6699	
Locus729	11.1314	-0.0037	-0.0016	-0.0028	-0.0071	-0.0043	0.0261	-0.6142	
Locus730	11.1314	-0.0364	-0.0123	-0.0189	-0.0613	-0.0416	0.0037	-0.5446	
Locus731	11.1314	-0.0484	-0.0195	-0.0337	-0.091	-0.0554	-0.0044	-0.736	
Locus732	11.1314	0.0154	0.0056	0.0087	0.0262	0.0176	0.036	-0.554	
Locus733	11.1314	-0.0337	-0.0145	-0.0261	-0.0656	-0.0385	0.0041	-0.7198	
Locus734	11.1314	-0.0445	-0.0185	-0.0327	-0.0852	-0.0508	-0.0051	-0.6983	
Locus735	11.1314	-0.0297	-0.0106	-0.0168	-0.0513	-0.034	0.0025	-0.458	
Locus736	11.1314	-0.0375	-0.0154	-0.0268	-0.0709	-0.0429	0.0057	-0.7476	
Locus737	11.1314	-0.0416	-0.0183	-0.0338	-0.0829	-0.0475	-0.0014	-0.7902	
Locus738	11.1314	-0.0553	-0.0184	-0.0284	-0.0934	-0.0632	-0.0065	-0.5474	
Locus739	11.1314	-0.0252	-0.011	-0.0199	-0.0493	-0.0288	0.0102	-0.6848	
Locus740	11.1314	-0.0018	-7e-04	-0.0012	-0.0032	-0.002	0.0303	-0.642	
Locus741	11.1314	-0.0462	-0.0147	-0.022	-0.076	-0.0528	-0.0016	-0.503	
Locus742	11.1314	-0.0328	-0.0128	-0.0215	-0.0597	-0.0374	5e-04	-0.5386	
Locus743	11.1314	-0.0524	-0.0179	-0.0279	-0.0895	-0.0599	-0.0052	-0.5656	
Locus744	11.1314	-0.0476	-0.0179	-0.0295	-0.0856	-0.0545	-0.0064	-0.5829	
Locus745	11.1314	-2e-04	-1e-04	-2e-04	-4e-04	-3e-04	0.0325	-0.6757	
Locus746	11.1314	-0.0169	-0.0073	-0.013	-0.0326	-0.0193	0.021	-0.7598	
Locus747	11.1314	-0.0207	-0.0073	-0.0114	-0.0353	-0.0236	0.0142	-0.5681	
Locus748	11.1314	-0.0114	-0.0038	-0.0057	-0.0188	-0.013	0.0191	-0.5095	
Locus749	11.1314	0.0372	0.0147	0.0237	0.0652	0.0425	0.05	-0.5081	
Locus750	11.1314	-0.0369	-0.015	-0.0259	-0.0692	-0.0422	0.0046	-0.7091	
Locus751	11.1314	-0.0395	-0.0178	-0.0335	-0.0801	-0.0451	-0.0037	-0.7364	
Locus752	11.1314	-0.0618	-0.0196	-0.0295	-0.1023	-0.0707	-0.0119	-0.4958	
Locus753	11.1314	-0.0304	-0.0107	-0.0168	-0.0521	-0.0348	0.0029	-0.4843	
Locus754	11.1314	-0.0242	-0.0099	-0.017	-0.0452	-0.0277	0.0106	-0.6397	
Locus755	11.1314	-0.0436	-0.0189	-0.0345	-0.0861	-0.0498	-7e-04	-0.8316	
Locus756	11.1314	-0.0424	-0.0137	-0.0207	-0.0701	-0.0484	9e-04	-0.5113	
Locus757	11.1314	-0.0533	-0.0196	-0.032	-0.0948	-0.0609	-0.0074	-0.6192	
Locus758	11.1314	-0.0482	-0.0155	-0.0234	-0.0798	-0.0551	-0.0028	-0.5121	
Locus759	11.1314	-0.017	-0.0063	-0.0101	-0.0297	-0.0194	0.0161	-0.5497	
Locus760	11.1314	-0.0301	-0.0102	-0.0157	-0.0506	-0.0344	0.0062	-0.5084	
Locus761	11.1314	-0.0286	-0.0107	-0.0174	-0.0507	-0.0327	0.0109	-0.6257	
Locus762	11.1314	-0.0426	-0.0163	-0.0271	-0.0771	-0.0487	-4e-04	-0.651	
Locus763	11.1314	-0.0146	-0.0058	-0.0097	-0.0266	-0.0167	0.02	-0.6713	
Locus764	11.1314	-0.0304	-0.012	-0.0202	-0.0557	-0.0347	0.0084	-0.6505	
Locus765	11.1314	-0.0441	-0.018	-0.0314	-0.0834	-0.0504	-0.0022	-0.7129	
Locus766	11.1314	-0.0163	-0.0067	-0.0115	-0.0304	-0.0186	0.0192	-0.6573	
Locus767	11.1314	-0.0432	-0.0167	-0.028	-0.0788	-0.0494	-0.004	-0.5887	
Locus768	11.1314	-0.0451	-0.0187	-0.033	-0.0863	-0.0516	-0.0024	-0.7588	
Locus769	11.1314	-0.0161	-0.0063	-0.0104	-0.0291	-0.0184	0.0208	-0.6618	
Locus770	11.1314	-0.0265	-0.0094	-0.0148	-0.0455	-0.0303	0.0048	-0.4556	
Locus771	11.1314	-0.0039	-0.0014	-0.0022	-0.0066	-0.0044	0.0253	-0.5661	
Locus772	11.1314	-0.0401	-0.0167	-0.0295	-0.0766	-0.0458	-0.003	-0.6525	
Locus773	11.1314	0.0174	0.0066	0.0105	0.0302	0.0199	0.0339	-0.4781	
Locus774	11.1314	-0.0292	-0.0135	-0.0258	-0.06	-0.0333	0.0068	-0.7654	
Locus775	11.1314	-0.0101	-0.0038	-0.0061	-0.0178	-0.0116	0.0189	-0.5246	
Locus776	11.1314	-0.0524	-0.0174	-0.0268	-0.0882	-0.0599	-0.0056	-0.5234	
Locus777	11.1314	-0.0303	-0.014	-0.0267	-0.0623	-0.0347	0.0068	-0.7826	
Locus778	11.1314	-0.0325	-0.0131	-0.0225	-0.0604	-0.0371	0.0088	-0.7221	
Locus779	11.1314	-0.0437	-0.0185	-0.0331	-0.0848	-0.05	-0.0079	-0.6432	
Locus780	11.1314	-0.0342	-0.0146	-0.0261	-0.0663	-0.0391	0.0057	-0.7622	
Locus781	11.1314	-0.0374	-0.014	-0.0229	-0.0666	-0.0428	7e-04	-0.5893	
Locus782	11.1314	-0.0381	-0.0163	-0.0293	-0.0742	-0.0436	0.0034	-0.7821	
Locus783	11.1314	-0.016	-0.0062	-0.0102	-0.0287	-0.0183	0.0179	-0.6195	
Locus784	11.1314	-0.018	-0.0062	-0.0095	-0.0303	-0.0206	0.015	-0.5386	
Locus785	11.1314	-0.031	-0.0114	-0.0183	-0.0545	-0.0355	0.008	-0.6129	
Locus786	11.1314	-0.0414	-0.016	-0.0268	-0.0753	-0.0473	-0.005	-0.5541	
Locus787	11.1314	-0.0367	-0.0159	-0.0288	-0.072	-0.042	0.005	-0.7949	
Locus788	11.1314	-0.0138	-0.0053	-0.0087	-0.0246	-0.0158	0.0152	-0.5263	
Locus789	11.1314	-0.0422	-0.0183	-0.0334	-0.0832	-0.0482	1e-04	-0.813	
Locus790	11.1314	0.0319	0.0116	0.0179	0.0537	0.0365	0.0478	-0.4885	
Locus791	11.1314	-0.0367	-0.016	-0.0292	-0.0724	-0.0419	0.0053	-0.8098	
Locus792	11.1314	0.0098	0.0036	0.0057	0.0168	0.0112	0.0331	-0.5192	
Locus793	11.1314	-0.0637	-0.0202	-0.0305	-0.1055	-0.0728	-0.0121	-0.4986	
Locus794	11.1314	-0.0378	-0.017	-0.0319	-0.0764	-0.0432	0.0035	-0.8403	
Locus795	11.1314	-0.0225	-0.0095	-0.0167	-0.0429	-0.0257	0.0143	-0.7339	
Locus796	11.1314	-0.046	-0.0175	-0.0291	-0.0831	-0.0525	-0.008	-0.5414	
Locus797	11.1314	-0.0439	-0.016	-0.0258	-0.0773	-0.0501	-0.001	-0.5975	
Locus798	11.1314	-0.0261	-0.0115	-0.021	-0.0515	-0.0299	0.0067	-0.6924	
Locus799	11.1314	-0.0102	-0.0042	-0.0072	-0.0189	-0.0117	0.0223	-0.6345	
Locus800	11.1314	-0.0134	-0.0044	-0.0066	-0.022	-0.0154	0.0165	-0.4973	
Locus801	11.1314	-0.0418	-0.0156	-0.0255	-0.0745	-0.0477	-0.0017	-0.6221	
Locus802	11.1314	-3e-04	-1e-04	-2e-04	-5e-04	-3e-04	0.0241	-0.4799	
Locus803	11.1314	-0.0211	-0.0077	-0.0123	-0.0367	-0.0241	0.0137	-0.5696	
Locus804	11.1314	-0.0304	-0.0128	-0.0226	-0.0581	-0.0347	0.0038	-0.6439	
Locus805	11.1314	-0.0368	-0.0164	-0.0305	-0.0738	-0.0421	-4e-04	-0.7387	
Locus806	11.1314	-0.0303	-0.0115	-0.0189	-0.0542	-0.0347	0.008	-0.6119	
Locus807	11.1314	-0.0256	-0.011	-0.0197	-0.0495	-0.0292	0.0142	-0.7815	
Locus808	11.1314	-0.035	-0.0121	-0.0189	-0.0596	-0.04	0.0039	-0.5598	
Locus809	11.1314	-0.0018	-6e-04	-9e-04	-0.0029	-0.002	0.0242	-0.4898	
Locus810	11.1314	-0.0165	-0.007	-0.0123	-0.0314	-0.0189	0.0229	-0.7393	
Locus811	11.1314	-0.0027	-0.0012	-0.0021	-0.0053	-0.0031	0.033	-0.7415	
Locus812	11.1314	-0.0315	-0.012	-0.0198	-0.0565	-0.036	0.0094	-0.653	
Locus813	11.1314	-0.0436	-0.018	-0.0316	-0.083	-0.0498	3e-04	-0.7608	
Locus814	11.1314	-0.0472	-0.0171	-0.0276	-0.083	-0.0539	-0.0041	-0.5815	
Locus815	11.1314	-0.0354	-0.0158	-0.0294	-0.071	-0.0405	0.0069	-0.8427	
Locus816	11.1314	0.0247	0.0086	0.013	0.0409	0.0282	0.041	-0.4901	
Locus817	11.1314	-0.0336	-0.0144	-0.0259	-0.0652	-0.0384	0.0045	-0.7282	
Locus818	11.1314	-0.0329	-0.0146	-0.027	-0.0656	-0.0376	0.0047	-0.7541	
Locus819	11.1314	-0.0263	-0.0096	-0.0154	-0.0459	-0.0301	0.0083	-0.5921	
Locus820	11.1314	-0.0385	-0.0132	-0.0205	-0.0654	-0.0439	0.002	-0.556	
Locus821	11.1314	-0.0218	-0.0097	-0.0178	-0.0431	-0.0249	0.0088	-0.6487	
Locus822	11.1314	-0.0243	-0.0103	-0.0182	-0.0465	-0.0278	0.0144	-0.7186	
Locus823	11.1314	-0.0415	-0.0148	-0.0236	-0.0721	-0.0474	0.0022	-0.5966	
Locus824	11.1314	-0.0051	-0.0018	-0.0028	-0.0086	-0.0058	0.0228	-0.4695	
Locus825	11.1314	-0.042	-0.0143	-0.0222	-0.0712	-0.048	0.0017	-0.5549	
Locus826	11.1314	6e-04	2e-04	3e-04	9e-04	6e-04	0.02	-0.4292	
Locus827	11.1314	-0.0332	-0.0137	-0.0239	-0.0627	-0.0379	0.0017	-0.6126	
Locus828	11.1314	-0.0316	-0.0133	-0.0235	-0.0605	-0.0361	0.0082	-0.7519	
Locus829	11.1314	-0.0074	-0.003	-0.0051	-0.0136	-0.0085	0.0249	-0.6235	
Locus830	11.1314	-0.0243	-0.0099	-0.017	-0.0453	-0.0278	0.0119	-0.688	
Locus831	11.1314	-0.0449	-0.0183	-0.0319	-0.0849	-0.0514	-0.0019	-0.7306	
Locus832	11.1314	-0.0301	-0.013	-0.0234	-0.0586	-0.0344	0.0068	-0.699	
Locus833	11.1314	-0.027	-0.0098	-0.0156	-0.0469	-0.0308	0.0117	-0.5987	
Locus834	11.1314	-0.0411	-0.0173	-0.0308	-0.0792	-0.0469	0.0023	-0.7881	
Locus835	11.1314	-0.0367	-0.0154	-0.0273	-0.0703	-0.042	0.0017	-0.7188	
Locus836	11.1314	0.0506	0.0187	0.0288	0.085	0.0579	0.0578	-0.4612	
Locus837	11.1314	-0.0269	-0.0092	-0.0142	-0.0454	-0.0308	0.0058	-0.4782	
Locus838	11.1314	-0.016	-0.007	-0.0126	-0.0311	-0.0183	0.0136	-0.6521	
Locus839	11.1314	-0.0388	-0.0166	-0.0299	-0.0756	-0.0444	-0.0011	-0.7	
Locus840	11.1314	-0.041	-0.0157	-0.0261	-0.0742	-0.0468	-0.0062	-0.5396	
Locus841	11.1314	-0.0415	-0.016	-0.0267	-0.0754	-0.0474	0.0014	-0.6739	
Locus842	11.1314	-0.022	-0.0101	-0.019	-0.0447	-0.0252	0.0122	-0.7166	
Locus843	11.1314	-0.0338	-0.0128	-0.021	-0.0605	-0.0387	0.0067	-0.6542	
Locus844	11.1314	-0.0366	-0.0157	-0.0283	-0.0713	-0.0418	0.0055	-0.8154	
Locus845	11.1314	-0.0359	-0.016	-0.0297	-0.072	-0.041	8e-04	-0.7395	
Locus846	11.1314	-0.0495	-0.0167	-0.0259	-0.0839	-0.0566	-0.0027	-0.5557	
Locus847	11.1314	-0.0155	-0.006	-0.0099	-0.0277	-0.0177	0.0164	-0.5581	
Locus848	11.1314	-0.0534	-0.0183	-0.0286	-0.0914	-0.061	-0.0073	-0.5545	
Locus849	11.1314	-0.0178	-0.0059	-0.0089	-0.0294	-0.0204	0.0161	-0.5095	
Locus850	11.1314	-0.0287	-0.013	-0.0243	-0.0579	-0.0328	0.0075	-0.7342	
Locus851	11.1314	-0.0479	-0.0165	-0.0258	-0.082	-0.0547	-0.0044	-0.5538	
Locus852	11.1314	-0.0362	-0.0156	-0.0282	-0.0707	-0.0414	0.0031	-0.7453	
Locus853	11.1314	-0.0371	-0.0126	-0.0194	-0.0627	-0.0425	0.0039	-0.5307	
Locus854	11.1314	-0.0291	-0.0131	-0.0244	-0.0585	-0.0332	0.0068	-0.7197	
Locus855	11.1314	-0.037	-0.0154	-0.0271	-0.0705	-0.0423	0.0055	-0.7708	
Locus856	11.1314	-0.0204	-0.0075	-0.012	-0.0356	-0.0233	0.0108	-0.5535	
Locus857	11.1314	-0.0326	-0.0146	-0.0272	-0.0654	-0.0372	8e-04	-0.6893	
Locus858	11.1314	0.0706	0.0274	0.0429	0.1201	0.0806	0.0724	-0.4691	
Locus859	11.1314	-0.0254	-0.0098	-0.0162	-0.0458	-0.0291	0.0106	-0.6209	
Locus860	11.1314	-0.0104	-0.0046	-0.0083	-0.0203	-0.0119	0.024	-0.7878	
Locus861	11.1314	-0.0215	-0.0081	-0.0132	-0.0381	-0.0246	0.015	-0.6224	
Locus862	11.1314	-0.0272	-0.0114	-0.02	-0.0517	-0.031	0.0094	-0.7349	
Locus863	11.1314	-0.0342	-0.0154	-0.0288	-0.0691	-0.0391	0.0028	-0.7521	
Locus864	11.1314	-0.0253	-0.0101	-0.0171	-0.0465	-0.029	0.0086	-0.5796	
Locus865	11.1314	-0.0603	-0.021	-0.0333	-0.1045	-0.0689	-0.0179	-0.448	
Locus866	11.1314	-0.0224	-0.008	-0.0126	-0.0385	-0.0256	0.0117	-0.5419	
Locus867	11.1314	-0.0425	-0.0183	-0.0332	-0.0834	-0.0486	-0.0027	-0.7607	
Locus868	11.1314	-0.0413	-0.0148	-0.0236	-0.0719	-0.0472	2e-04	-0.5984	
Locus869	11.1314	-0.0434	-0.015	-0.0234	-0.0743	-0.0496	-7e-04	-0.5517	
Locus870	11.1314	-0.042	-0.0143	-0.0222	-0.0712	-0.048	0.0015	-0.5576	
Locus871	11.1314	-0.0109	-0.0041	-0.0066	-0.0191	-0.0124	0.0149	-0.4588	
Locus872	11.1314	-0.0354	-0.0127	-0.0202	-0.0615	-0.0405	0.0042	-0.5953	
Locus873	11.1314	-0.0085	-0.003	-0.0047	-0.0144	-0.0097	0.0167	-0.4478	
Locus874	11.1314	-0.0312	-0.0118	-0.0193	-0.0557	-0.0357	0.0041	-0.5591	
Locus875	11.1314	-0.0401	-0.0138	-0.0215	-0.0683	-0.0458	-0.0027	-0.4562	
Locus876	11.1314	-0.0292	-0.0133	-0.025	-0.0592	-0.0334	0.006	-0.7178	
Locus877	11.1314	-0.0103	-0.004	-0.0066	-0.0184	-0.0118	0.0208	-0.6034	
Locus878	11.1314	0.0363	0.0149	0.0247	0.0651	0.0415	0.0645	-0.6497	
Locus879	11.1314	-0.0473	-0.0202	-0.0366	-0.0926	-0.054	-0.0032	-0.8191	
Locus880	11.1314	-0.0364	-0.0155	-0.0277	-0.0705	-0.0416	0.004	-0.749	
Locus881	11.1314	-0.0147	-0.0064	-0.0115	-0.0284	-0.0168	0.0189	-0.7113	
Locus882	11.1314	-0.0254	-0.0115	-0.0215	-0.0511	-0.0291	0.0107	-0.7208	
Locus883	11.1314	-0.0504	-0.0163	-0.0247	-0.0837	-0.0576	-0.0047	-0.5031	
Locus884	11.1314	-0.032	-0.0129	-0.0221	-0.0595	-0.0366	8e-04	-0.5618	
Locus885	11.1314	-0.0374	-0.0159	-0.0285	-0.0724	-0.0427	0.0029	-0.7515	
Locus886	11.1314	-0.0406	-0.0171	-0.0305	-0.0782	-0.0464	0.0019	-0.7689	
Locus887	11.1314	-0.0292	-0.0131	-0.0243	-0.0585	-0.0334	0.0045	-0.6745	
Locus888	11.1314	-0.0357	-0.0134	-0.0219	-0.0636	-0.0408	0.0032	-0.6076	
Locus889	11.1314	-0.0332	-0.012	-0.0192	-0.0578	-0.0379	0.0073	-0.6042	
Locus890	11.1314	-0.0355	-0.012	-0.0185	-0.0598	-0.0406	0.0029	-0.511	
Locus891	11.1314	-0.0174	-0.0058	-0.0088	-0.0289	-0.0199	0.0152	-0.5141	
Locus892	11.1314	-0.0247	-0.0104	-0.0183	-0.047	-0.0282	0.0167	-0.7701	
Locus893	11.1314	-0.0377	-0.0128	-0.0198	-0.0637	-0.0431	0.0027	-0.5163	
Locus894	11.1314	-0.0389	-0.017	-0.0311	-0.077	-0.0445	7e-04	-0.7746	
Locus895	11.1314	-0.0438	-0.014	-0.021	-0.0721	-0.05	-0.0016	-0.4879	
Locus896	11.1314	0.0036	0.0014	0.0023	0.0064	0.0041	0.0334	-0.6229	
Locus897	11.1314	-0.0483	-0.0189	-0.032	-0.089	-0.0552	-0.0036	-0.7015	
Locus898	11.1314	-0.0448	-0.019	-0.0341	-0.0871	-0.0512	-0.0027	-0.7675	
Locus899	11.1314	0.0225	0.0099	0.0174	0.0426	0.0257	0.0518	-0.6004	
Locus900	11.1314	-0.0423	-0.015	-0.0238	-0.0733	-0.0484	-0.0029	-0.5019	
Locus901	11.1314	-0.0542	-0.0175	-0.0265	-0.0901	-0.062	-0.008	-0.4882	
Locus902	11.1314	-0.0293	-0.0125	-0.0223	-0.0565	-0.0335	0.0085	-0.7307	
Locus903	11.1314	-0.0329	-0.0136	-0.0237	-0.0622	-0.0376	-5e-04	-0.576	
Locus904	11.1314	-0.0247	-0.0111	-0.0206	-0.0494	-0.0282	0.0079	-0.6742	
Locus905	11.1314	-0.0107	-0.0044	-0.0075	-0.0199	-0.0123	0.0215	-0.5996	
Locus906	11.1314	0.0011	4e-04	6e-04	0.0019	0.0013	0.0238	-0.4466	
Locus907	11.1314	0.0109	0.004	0.0063	0.0186	0.0124	0.0351	-0.5676	
Locus908	11.1314	-0.028	-0.01	-0.0158	-0.0483	-0.032	0.0082	-0.5835	
Locus909	11.1314	-0.0381	-0.0166	-0.0303	-0.0752	-0.0436	0.0023	-0.7754	
Locus910	11.1314	-0.0447	-0.0185	-0.0326	-0.0854	-0.0511	-9e-04	-0.7737	
Locus911	11.1314	-0.0528	-0.0182	-0.0286	-0.0906	-0.0603	-0.0057	-0.5783	
Locus912	11.1314	-0.0127	-0.005	-0.0083	-0.023	-0.0146	0.0225	-0.6265	
Locus913	11.1314	0.0269	0.0093	0.014	0.0443	0.0307	0.0403	-0.5066	
Locus914	11.1314	-0.0365	-0.0142	-0.0238	-0.0665	-0.0417	-6e-04	-0.5522	
Locus915	11.1314	-0.0242	-0.0093	-0.0153	-0.0434	-0.0276	0.0139	-0.6521	
Locus916	11.1314	-0.0304	-0.0105	-0.0163	-0.0516	-0.0347	0.0042	-0.4715	
Locus917	11.1314	-0.0425	-0.0155	-0.025	-0.0748	-0.0486	-0.0061	-0.4901	
Locus918	11.1314	-0.0206	-0.0068	-0.0103	-0.034	-0.0235	0.0134	-0.5122	
Locus919	11.1314	-0.0436	-0.0151	-0.0236	-0.0747	-0.0498	-0.0049	-0.4663	
Locus920	11.1314	-0.0366	-0.0141	-0.0235	-0.0663	-0.0418	0.0053	-0.6716	
Locus921	11.1314	-0.045	-0.0191	-0.0343	-0.0875	-0.0514	-0.0018	-0.801	
Locus922	11.1314	-0.0424	-0.0185	-0.0339	-0.084	-0.0485	-0.0017	-0.8083	
Locus923	11.1314	-0.0191	-0.008	-0.014	-0.0361	-0.0218	0.0101	-0.5839	
Locus924	11.1314	-0.0428	-0.0175	-0.0305	-0.0809	-0.0489	8e-04	-0.7467	
Locus925	11.1314	-0.043	-0.0182	-0.0326	-0.0833	-0.0492	-0.001	-0.8024	
Locus926	11.1314	-0.0339	-0.0133	-0.0224	-0.062	-0.0387	-0.0012	-0.5134	
Locus927	11.1314	-0.0302	-0.0125	-0.0218	-0.057	-0.0345	0.0054	-0.6379	
Locus928	11.1314	-0.0244	-0.0082	-0.0125	-0.0408	-0.0279	0.0121	-0.5263	
Locus929	11.1314	-0.0409	-0.017	-0.03	-0.0781	-0.0467	0.0016	-0.7579	
Locus930	11.1314	-0.0327	-0.0143	-0.0261	-0.0644	-0.0373	0.0086	-0.8112	
Locus931	11.1314	-0.0244	-0.0102	-0.0178	-0.0462	-0.0279	0.0076	-0.5981	
Locus932	11.1314	-0.0433	-0.0182	-0.0324	-0.0835	-0.0494	-0.0015	-0.7501	
Locus933	11.1314	-0.0367	-0.0151	-0.0263	-0.0694	-0.042	-4e-04	-0.6538	
Locus934	11.1314	0.0449	0.0179	0.0289	0.0787	0.0513	0.0678	-0.609	
Locus935	11.1314	-0.0401	-0.0176	-0.0324	-0.0797	-0.0458	1e-04	-0.7901	
Locus936	11.1314	-0.0093	-0.0033	-0.0052	-0.0158	-0.0106	0.0196	-0.5266	
Locus937	11.1314	-0.0299	-0.0124	-0.0216	-0.0566	-0.0342	0.0067	-0.6476	
Locus938	11.1314	-0.0334	-0.0151	-0.0284	-0.0676	-0.0382	0.0017	-0.7353	
Locus939	11.1314	-0.0364	-0.0153	-0.0271	-0.0698	-0.0416	0.0031	-0.7189	
Locus940	11.1314	-0.0322	-0.0111	-0.0172	-0.0547	-0.0369	0.0014	-0.4818	
Locus941	11.1314	0.0028	0.001	0.0015	0.0048	0.0032	0.0245	-0.475	
Locus942	11.1314	0.071	0.0297	0.0486	0.1258	0.0811	0.0849	-0.6009	
Locus943	11.1314	-0.0347	-0.0152	-0.0278	-0.0685	-0.0396	-0.0014	-0.6657	
Locus944	11.1314	-0.0143	-0.0056	-0.0093	-0.0258	-0.0164	0.0206	-0.652	
Locus945	11.1314	-0.0392	-0.0169	-0.0306	-0.0768	-0.0448	-0.002	-0.7135	
Locus946	11.1314	-0.0165	-0.0055	-0.0083	-0.0273	-0.0188	0.0174	-0.515	
Locus947	11.1314	-0.0313	-0.0118	-0.0193	-0.0558	-0.0358	NA	-0.4681	
Locus948	11.1314	-0.0279	-0.0106	-0.0174	-0.0498	-0.0319	0.0106	-0.6463	
Locus949	11.1314	-0.0328	-0.0138	-0.0244	-0.0628	-0.0375	0.0019	-0.6491	
Locus950	11.1314	-0.0042	-0.0016	-0.0026	-0.0074	-0.0048	0.0209	-0.4689	
Locus951	11.1314	-0.0218	-0.0079	-0.0126	-0.0377	-0.0249	0.0073	-0.4357	
Locus952	11.1314	-0.0251	-0.0104	-0.0181	-0.0473	-0.0287	0.0159	-0.7455	
Locus953	11.1314	-3e-04	-1e-04	-2e-04	-5e-04	-3e-04	0.0294	-0.5648	
Locus954	11.1314	-0.0163	-0.0067	-0.0115	-0.0303	-0.0186	0.0155	-0.605	
Locus955	11.1314	-0.0339	-0.0116	-0.018	-0.0574	-0.0387	0.0061	-0.5526	
Locus956	11.1314	-0.0162	-0.0056	-0.0086	-0.0273	-0.0185	0.0169	-0.5399	
Locus957	11.1314	-0.0184	-0.0069	-0.0112	-0.0325	-0.0211	0.0148	-0.5655	
Locus958	11.1314	0.0359	0.0143	0.0232	0.0633	0.041	0.0576	-0.5901	
Locus959	11.1314	-0.0427	-0.0188	-0.0348	-0.0852	-0.0488	-0.0035	-0.7747	
Locus960	11.1314	-0.0386	-0.0136	-0.0214	-0.0665	-0.0441	0.0025	-0.5824	
Locus961	11.1314	-0.0195	-0.0086	-0.0156	-0.0383	-0.0223	0.0134	-0.6475	
Locus962	11.1314	0.0018	7e-04	0.0011	0.0032	0.0021	0.025	-0.4702	
Locus963	11.1314	-0.0277	-0.0128	-0.0244	-0.0568	-0.0316	0.009	-0.7645	
Locus964	11.1314	-0.0353	-0.0159	-0.0298	-0.0714	-0.0404	0.001	-0.7359	
Locus965	11.1314	-0.0235	-0.0079	-0.012	-0.0392	-0.0269	0.0093	-0.4768	
Locus966	11.1314	-0.0212	-0.0087	-0.015	-0.0396	-0.0243	0.0134	-0.6445	
Locus967	11.1314	-0.0142	-0.0062	-0.0111	-0.0275	-0.0162	0.0263	-0.7967	
Locus968	11.1314	-0.0295	-0.0108	-0.0173	-0.0516	-0.0337	0.0028	-0.4651	
Locus969	11.1314	-0.0255	-0.0105	-0.0182	-0.0479	-0.0292	0.012	-0.7297	
Locus970	11.1314	-0.0116	-0.005	-0.0089	-0.0222	-0.0132	0.0278	-0.7653	
Locus971	11.1314	-0.0117	-0.0042	-0.0066	-0.02	-0.0134	0.0147	-0.4847	
Locus972	11.1314	-0.0458	-0.017	-0.0278	-0.0816	-0.0523	-0.0023	-0.6396	
Locus973	11.1314	-0.0092	-0.0031	-0.0047	-0.0152	-0.0105	0.0181	-0.4865	
Locus974	11.1314	-6e-04	-2e-04	-3e-04	-0.001	-7e-04	0.0268	-0.5185	
Locus975	11.1314	-0.0345	-0.0121	-0.019	-0.0592	-0.0395	0.0066	-0.5728	
Locus976	11.1314	-0.017	-0.0068	-0.0115	-0.0311	-0.0194	0.0165	-0.6203	
Locus977	11.1314	-0.0406	-0.0171	-0.0305	-0.0782	-0.0464	0.0015	-0.7676	
Locus978	11.1314	-0.0056	-0.0023	-0.0039	-0.0103	-0.0064	0.0243	-0.5648	
Locus979	11.1314	-0.0057	-0.0022	-0.0036	-0.0101	-0.0065	0.0226	-0.5549	
Locus980	11.1314	-0.0487	-0.0175	-0.0281	-0.0853	-0.0556	-0.0028	-0.613	
Locus981	11.1314	0.0098	0.0038	0.0062	0.0173	0.0112	0.0343	-0.4833	
Locus982	11.1314	-0.0085	-0.0034	-0.0057	-0.0155	-0.0097	0.0244	-0.6364	
Locus983	11.1314	0.0017	7e-04	0.0012	0.0031	0.0019	0.0316	-0.7224	
Locus984	11.1314	-0.0412	-0.0135	-0.0205	-0.0685	-0.0471	NA	-0.4729	
Locus985	11.1314	-0.0442	-0.0175	-0.0298	-0.0819	-0.0505	-6e-04	-0.7133	
Locus986	11.1314	-0.0436	-0.0176	-0.0304	-0.0817	-0.0498	-0.001	-0.7289	
Locus987	11.1314	-0.0342	-0.0114	-0.0174	-0.0572	-0.0391	0.0043	-0.4946	
Locus988	11.1314	-0.0117	-0.004	-0.0061	-0.0195	-0.0133	0.0183	-0.5296	
Locus989	11.1314	-0.0113	-0.0044	-0.0073	-0.0202	-0.0129	0.0154	-0.505	
Locus990	11.1314	-3e-04	-1e-04	-2e-04	-5e-04	-3e-04	0.0223	-0.4282	
Locus991	11.1314	-0.0421	-0.0181	-0.0328	-0.0825	-0.0482	8e-04	-0.8149	
Locus992	11.1314	-0.0198	-0.0065	-0.0098	-0.0326	-0.0226	0.0134	-0.5063	
Locus993	11.1314	-0.0443	-0.0183	-0.0322	-0.0844	-0.0506	-0.0022	-0.7427	
Locus994	11.1314	-0.0118	-0.004	-0.0061	-0.0196	-0.0134	0.0182	-0.5235	
Locus995	11.1314	-0.0376	-0.0166	-0.0306	-0.0749	-0.043	8e-04	-0.7547	
Locus996	11.1314	-0.0114	-0.004	-0.0062	-0.0193	-0.013	0.0132	-0.4711	
Locus997	11.1314	-0.039	-0.0161	-0.0282	-0.0741	-0.0446	0.0031	-0.7433	
Locus998	11.1314	-0.0279	-0.0113	-0.0194	-0.0519	-0.0319	0.0053	-0.5608	
Locus999	11.1314	-0.0218	-0.0072	-0.0109	-0.0361	-0.0249	0.0112	-0.5092	
Locus1000	11.1314	-0.0287	-0.0122	-0.0217	-0.0552	-0.0329	0.0048	-0.6039	
Locus1001	11.1314	0.0086	0.0035	0.0059	0.0156	0.0098	0.0397	-0.6512	
Locus1002	11.1314	-0.0384	-0.0164	-0.0295	-0.0747	-0.0439	0.0032	-0.7647	
Locus1003	11.1314	-0.0128	-0.0048	-0.0077	-0.0225	-0.0147	0.0207	-0.6177	
Locus1004	11.1314	-0.0297	-0.0133	-0.0247	-0.0594	-0.0339	0.0073	-0.7363	
Locus1005	11.1314	-0.0344	-0.0125	-0.02	-0.0602	-0.0393	0.0055	-0.5873	
Locus1006	11.1314	-0.0456	-0.0193	-0.0346	-0.0885	-0.0521	-0.004	-0.765	
Locus1007	11.1314	-0.0292	-0.0106	-0.0169	-0.0509	-0.0334	0.0043	-0.5334	
Locus1008	11.1314	-0.0357	-0.0127	-0.0201	-0.0617	-0.0408	-0.0032	-0.4436	
Locus1009	11.1314	-0.036	-0.0147	-0.0255	-0.0677	-0.0411	0.0048	-0.7312	
Locus1010	11.1314	-0.0344	-0.015	-0.0274	-0.0677	-0.0393	0.0027	-0.7094	
Locus1011	11.1314	-0.0335	-0.012	-0.019	-0.0581	-0.0383	1e-04	-0.4715	
Locus1012	11.1314	-0.0268	-0.0097	-0.0154	-0.0466	-0.0306	0.0042	-0.4733	
Locus1013	11.1314	0.0513	0.0205	0.033	0.0897	0.0586	0.0672	-0.5558	
Locus1014	11.1314	-0.0214	-0.009	-0.0158	-0.0406	-0.0244	0.0093	-0.5737	
Locus1015	11.1314	-0.0352	-0.0144	-0.025	-0.0662	-0.0402	0.0016	-0.6595	
Locus1016	11.1314	-0.0447	-0.0152	-0.0236	-0.0759	-0.0511	-0.003	-0.4877	
Locus1017	11.1314	-0.0428	-0.0186	-0.034	-0.0846	-0.049	-0.0016	-0.7952	
Locus1018	11.1314	-0.0261	-0.0086	-0.013	-0.0432	-0.0298	0.0103	-0.4977	
Locus1019	11.1314	0.0095	0.0033	0.005	0.0158	0.0108	0.0269	-0.475	
Locus1020	11.1314	0.0357	0.0151	0.0255	0.0653	0.0408	0.0634	-0.6904	
Locus1021	11.1314	-0.0322	-0.0142	-0.0261	-0.0638	-0.0368	0.01	-0.8245	
Locus1022	11.1314	-0.038	-0.017	-0.0317	-0.0765	-0.0434	3e-04	-0.7699	
Locus1023	11.1314	-0.0322	-0.0116	-0.0185	-0.056	-0.0368	0.0047	-0.5919	
Locus1024	11.1314	-0.0344	-0.0123	-0.0195	-0.0596	-0.0393	0.0057	-0.5874	
Locus1025	11.1314	-0.0419	-0.017	-0.0295	-0.0787	-0.0479	0.0015	-0.7393	
Locus1026	11.1314	0.0046	0.0018	0.003	0.0082	0.0052	0.0313	-0.5626	
Locus1027	11.1314	-0.0511	-0.0167	-0.0254	-0.0853	-0.0584	-0.004	-0.5292	
Locus1028	11.1314	-0.0073	-0.0031	-0.0054	-0.0138	-0.0084	0.0253	-0.6971	
Locus1029	11.1314	-0.0172	-0.0066	-0.0108	-0.0307	-0.0197	0.0144	-0.599	
Locus1030	11.1314	-0.0455	-0.0197	-0.036	-0.0899	-0.052	-0.0043	-0.7958	
Locus1031	11.1314	-0.0286	-0.0127	-0.0234	-0.0568	-0.0327	0.007	-0.7393	
Locus1032	11.1314	-0.0113	-0.0041	-0.0065	-0.0194	-0.0129	0.0212	-0.5503	
Locus1033	11.1314	-0.019	-0.0079	-0.0137	-0.0357	-0.0217	0.0177	-0.6836	
Locus1034	11.1314	-0.0452	-0.0151	-0.0232	-0.0761	-0.0517	-0.002	-0.5416	
Locus1035	11.1314	-0.0354	-0.0132	-0.0215	-0.0628	-0.0405	0.005	-0.6196	
Locus1036	11.1314	-0.0026	-9e-04	-0.0014	-0.0044	-0.003	0.021	-0.4701	
Locus1037	11.1314	-0.018	-0.0066	-0.0105	-0.0313	-0.0206	0.0151	-0.5927	
Locus1038	11.1314	-0.013	-0.0051	-0.0085	-0.0235	-0.0149	0.0156	-0.5452	
Locus1039	11.1314	-0.0274	-0.0092	-0.014	-0.0458	-0.0314	0.0083	-0.5131	
Locus1040	11.1314	-0.0306	-0.0106	-0.0165	-0.052	-0.0349	0.0078	-0.5418	
Locus1041	11.1314	-0.0355	-0.0159	-0.0296	-0.0714	-0.0406	0.003	-0.7875	
Locus1042	11.1314	-0.0125	-0.0046	-0.0073	-0.0217	-0.0143	0.02	-0.5592	
Locus1043	11.1314	-0.0337	-0.0138	-0.0239	-0.0634	-0.0385	0.0076	-0.7193	
Locus1044	11.1314	-0.0041	-0.0017	-0.0029	-0.0076	-0.0047	0.0265	-0.7234	
Locus1045	11.1314	-0.0039	-0.0017	-0.003	-0.0075	-0.0045	0.029	-0.7462	
Locus1046	11.1314	-0.0569	-0.0187	-0.0286	-0.0956	-0.0651	-0.0079	-0.5391	
Locus1047	11.1314	0.0123	0.0047	0.0075	0.0215	0.0141	0.0383	-0.6056	
Locus1048	11.1314	-0.0327	-0.0126	-0.0209	-0.0591	-0.0373	0.0026	-0.5645	
Locus1049	11.1314	-0.0366	-0.0142	-0.0238	-0.0666	-0.0418	-0.0021	-0.5445	
Locus1050	11.1314	-0.0194	-0.0071	-0.0113	-0.0337	-0.0222	0.0153	-0.5807	
Locus1051	11.1314	-0.0117	-0.0046	-0.0076	-0.0211	-0.0134	0.0201	-0.6114	
Locus1052	11.1314	-0.0306	-0.0112	-0.018	-0.0536	-0.0349	8e-04	-0.467	
Locus1053	11.1314	-0.0121	-0.0044	-0.007	-0.0209	-0.0139	0.0142	-0.4385	
Locus1054	11.1314	0.044	0.0177	0.0287	0.0776	0.0503	0.0648	-0.6252	
Locus1055	11.1314	-0.0396	-0.0167	-0.0297	-0.0764	-0.0453	9e-04	-0.7537	
Locus1056	11.1314	-0.0383	-0.0178	-0.0344	-0.0797	-0.0437	-0.0031	-0.7658	
Locus1057	11.1314	-0.0404	-0.0152	-0.025	-0.0723	-0.0462	6e-04	-0.629	
Locus1058	11.1314	-0.0502	-0.018	-0.0289	-0.0879	-0.0574	-0.0089	-0.52	
Locus1059	11.1314	-0.0414	-0.0139	-0.0214	-0.0697	-0.0473	-0.0022	-0.4929	
Locus1060	11.1314	0.0041	0.0016	0.0026	0.0073	0.0047	0.0264	-0.4676	
Locus1061	11.1314	-0.0353	-0.0131	-0.0213	-0.0625	-0.0404	-0.0019	-0.4888	
Locus1062	11.1314	-0.0262	-0.0088	-0.0134	-0.0438	-0.03	0.0085	-0.479	
Locus1063	11.1314	0.0428	0.0151	0.0228	0.0706	0.0489	0.0522	-0.4883	
Locus1064	11.1314	-0.008	-0.0035	-0.0063	-0.0155	-0.0092	0.0232	-0.6118	
Locus1065	11.1314	-0.0471	-0.016	-0.0248	-0.08	-0.0539	-0.0031	-0.5224	
Locus1066	11.1314	-0.0181	-0.0079	-0.0142	-0.0352	-0.0207	0.0208	-0.8121	
Locus1067	11.1314	-0.0166	-0.0065	-0.0108	-0.03	-0.019	0.0196	-0.6379	
Locus1068	11.1314	-0.0378	-0.0142	-0.0233	-0.0675	-0.0432	0.0033	-0.6297	
Locus1069	11.1314	-0.0324	-0.0143	-0.0263	-0.0643	-0.037	0.0034	-0.7233	
Locus1070	11.1314	-0.0085	-0.0033	-0.0054	-0.0152	-0.0097	0.022	-0.5712	
Locus1071	11.1314	-0.0473	-0.0154	-0.0234	-0.0787	-0.0541	-0.0024	-0.5241	
Locus1072	11.1314	-0.0346	-0.012	-0.0187	-0.059	-0.0395	0.0034	-0.5298	
Locus1073	11.1314	-0.0105	-0.0039	-0.0062	-0.0183	-0.012	0.0193	-0.5973	
Locus1074	11.1314	-0.0155	-0.0067	-0.012	-0.0299	-0.0177	0.0211	-0.6841	
Locus1075	11.1314	-0.0086	-0.0035	-0.0059	-0.0158	-0.0098	0.0222	-0.5983	
Locus1076	11.1314	-0.0433	-0.0189	-0.0347	-0.0859	-0.0495	-0.0052	-0.7417	
Locus1077	11.1314	-0.0287	-0.0116	-0.0199	-0.0533	-0.0328	0.0114	-0.7037	
Locus1078	11.1314	-0.03	-0.012	-0.0204	-0.0554	-0.0343	0.0097	-0.6682	
Locus1079	11.1314	-0.0161	-0.0062	-0.0102	-0.0288	-0.0184	0.0204	-0.6233	
Locus1080	11.1314	-0.0252	-0.0114	-0.0213	-0.0507	-0.0288	0.0133	-0.7673	
Locus1081	11.1314	-0.0481	-0.0184	-0.0307	-0.0873	-0.0549	-0.0117	-0.5093	
Locus1082	11.1314	-0.0318	-0.0106	-0.0162	-0.0531	-0.0363	0.0079	-0.5293	
Locus1083	11.1314	0.0013	6e-04	0.0011	0.0026	0.0015	0.0256	-0.6239	
Locus1084	11.1314	-0.0521	-0.0197	-0.0327	-0.0942	-0.0595	-0.006	-0.6696	
Locus1085	11.1314	0.0064	0.0028	0.0049	0.0123	0.0074	0.0372	-0.6598	
Locus1086	11.1314	-0.0385	-0.0165	-0.0298	-0.075	-0.0439	-0.005	-0.6279	
Locus1087	11.1314	-0.0357	-0.0147	-0.0256	-0.0675	-0.0408	0.0013	-0.64	
Locus1088	11.1314	-0.0264	-0.0088	-0.0134	-0.044	-0.0302	0.0094	-0.5216	
Locus1089	11.1314	-0.0278	-0.0094	-0.0144	-0.0466	-0.0318	0.0063	-0.4668	
Locus1090	11.1314	-0.0231	-0.0079	-0.0121	-0.0389	-0.0265	0.013	-0.5367	
Locus1091	11.1314	-0.0441	-0.0193	-0.0355	-0.0877	-0.0504	-8e-04	-0.8462	
Locus1092	11.1314	-0.0369	-0.0148	-0.0253	-0.0686	-0.0422	0.0019	-0.6548	
Locus1093	11.1314	-0.0343	-0.0152	-0.028	-0.0684	-0.0392	0.0044	-0.7731	
Locus1094	11.1314	-0.0216	-0.0089	-0.0154	-0.0404	-0.0247	0.0099	-0.5912	
Locus1095	11.1314	-0.0272	-0.0096	-0.0151	-0.0466	-0.0311	0.0063	-0.4838	
Locus1096	11.1314	-0.0136	-0.0048	-0.0075	-0.0232	-0.0156	0.0187	-0.5413	
Locus1097	11.1314	-0.0201	-0.0089	-0.0162	-0.0396	-0.023	0.013	-0.6357	
Locus1098	11.1314	-0.0123	-0.0051	-0.0088	-0.0229	-0.014	0.0204	-0.5927	
Locus1099	11.1314	-0.0012	-5e-04	-9e-04	-0.0022	-0.0013	0.0345	-0.7056	
Locus1100	11.1314	-0.0256	-0.0101	-0.017	-0.0467	-0.0292	0.0132	-0.6619	
Locus1101	11.1314	-0.0386	-0.0166	-0.03	-0.0754	-0.0441	-0.0015	-0.6992	
Locus1102	11.1314	-0.04	-0.0139	-0.0218	-0.0685	-0.0457	-0.0016	-0.4977	
Locus1103	11.1314	-0.0274	-0.0103	-0.0168	-0.0486	-0.0313	0.0098	-0.5902	
Locus1104	11.1314	0.0034	0.0013	0.0021	0.006	0.0039	0.0253	-0.4448	
Locus1105	11.1314	-0.0401	-0.0175	-0.032	-0.0794	-0.0459	6e-04	-0.7948	
Locus1106	11.1314	-0.0409	-0.0174	-0.0312	-0.0794	-0.0467	7e-04	-0.7815	
Locus1107	11.1314	-0.0232	-0.0097	-0.017	-0.0439	-0.0265	0.0132	-0.6619	
Locus1108	11.1314	-0.0396	-0.0168	-0.0301	-0.0767	-0.0453	0.004	-0.7985	
Locus1109	11.1314	-0.0287	-0.0121	-0.0214	-0.0548	-0.0328	0.0072	-0.6752	
Locus1110	11.1314	-0.018	-0.0068	-0.011	-0.0319	-0.0206	0.0186	-0.6257	
Locus1111	11.1314	0.0188	0.0076	0.0126	0.0338	0.0215	0.0468	-0.6216	
Locus1112	11.1314	-0.024	-0.0098	-0.0168	-0.0447	-0.0274	0.013	-0.6666	
Locus1113	11.1314	-0.034	-0.0149	-0.0272	-0.0672	-0.0389	0.0012	-0.6936	
Locus1114	11.1314	-0.0287	-0.0118	-0.0204	-0.0539	-0.0328	0.0044	-0.5923	
Locus1115	11.1314	-0.0303	-0.0107	-0.0168	-0.0521	-0.0347	3e-04	-0.4376	
Locus1116	11.1314	0.0735	0.0287	0.045	0.1252	0.084	0.0823	-0.5603	
Locus1117	11.1314	-0.021	-0.0093	-0.017	-0.0414	-0.024	0.0182	-0.8234	
Locus1118	11.1314	-0.0343	-0.0114	-0.0174	-0.0572	-0.0392	0.0015	-0.4781	
Locus1119	11.1314	0.0318	0.0132	0.0221	0.0576	0.0364	0.0599	-0.6735	
Locus1120	11.1314	-0.036	-0.0137	-0.0226	-0.0647	-0.0411	6e-04	-0.609	
Locus1121	11.1314	0.0365	0.0141	0.0225	0.0632	0.0417	0.0495	-0.5221	
Locus1122	11.1314	-0.0321	-0.0147	-0.0278	-0.0656	-0.0367	0.0021	-0.7333	
Locus1123	11.1314	-0.0362	-0.0137	-0.0225	-0.0649	-0.0414	0.0047	-0.6315	
Locus1124	11.1314	-0.009	-0.0033	-0.0052	-0.0156	-0.0103	0.0173	-0.5036	
Locus1125	11.1314	-0.0322	-0.0142	-0.0261	-0.0638	-0.0368	0.0076	-0.8063	
Locus1126	11.1314	0.0345	0.0145	0.0244	0.0629	0.0395	0.0616	-0.6441	
Locus1127	11.1314	-0.0366	-0.0147	-0.0252	-0.0681	-0.0419	0.0012	-0.6424	
Locus1128	11.1314	-0.0193	-0.0076	-0.0127	-0.035	-0.022	0.0112	-0.5296	
Locus1129	11.1314	-0.0477	-0.0176	-0.0287	-0.0848	-0.0545	-0.0037	-0.6342	
Locus1130	11.1314	-0.0267	-0.0111	-0.0194	-0.0505	-0.0305	0.0149	-0.748	
Locus1131	11.1314	0.0011	4e-04	6e-04	0.0019	0.0013	0.0285	-0.5573	
Locus1132	11.1314	-0.041	-0.0132	-0.0198	-0.0677	-0.0469	NA	-0.4906	
Locus1133	11.1314	-0.0348	-0.0159	-0.0302	-0.0711	-0.0397	0.0045	-0.8199	
Locus1134	11.1314	-0.0382	-0.0138	-0.0221	-0.0667	-0.0436	0.0025	-0.5887	
Locus1135	11.1314	-0.0192	-0.007	-0.0111	-0.0333	-0.0219	0.0097	-0.4581	
Locus1136	11.1314	-0.032	-0.0145	-0.0273	-0.0648	-0.0365	0.0051	-0.7846	
Locus1137	11.1314	-0.017	-0.0063	-0.0101	-0.0297	-0.0194	0.0152	-0.5555	
Locus1138	11.1314	-0.0384	-0.0158	-0.0276	-0.0727	-0.0439	-0.0022	-0.6542	
Locus1139	11.1314	-0.0425	-0.0141	-0.0216	-0.0712	-0.0486	-0.0029	-0.4783	
Locus1140	11.1314	-0.0392	-0.0146	-0.0238	-0.0697	-0.0448	0.0024	-0.6154	
Locus1141	11.1314	-0.0226	-0.0094	-0.0164	-0.0426	-0.0258	0.0101	-0.6035	
Locus1142	11.1314	-0.0192	-0.0074	-0.0122	-0.0344	-0.0219	0.0099	-0.4976	
Locus1143	11.1314	-0.0313	-0.0138	-0.0253	-0.062	-0.0358	0.0073	-0.7892	
Locus1144	11.1314	-0.0184	-0.0061	-0.0092	-0.0304	-0.021	0.0146	-0.512	
Locus1145	11.1314	-0.015	-0.0051	-0.0078	-0.0251	-0.0172	0.017	-0.5069	
Locus1146	11.1314	-0.0377	-0.0167	-0.0309	-0.0753	-0.0431	-0.0042	-0.6634	
Locus1147	11.1314	-0.0054	-0.0023	-0.004	-0.0102	-0.0061	0.026	-0.6101	
Locus1148	11.1314	-0.0236	-0.0083	-0.013	-0.0403	-0.0269	0.0074	-0.4674	
Locus1149	11.1314	-0.0203	-0.0078	-0.0128	-0.0363	-0.0232	0.0106	-0.5037	
Locus1150	11.1314	-0.017	-0.0067	-0.0112	-0.0309	-0.0195	0.017	-0.6272	
Locus1151	11.1314	-0.0218	-0.0079	-0.0125	-0.0378	-0.0249	0.0158	-0.5925	
Locus1152	11.1314	-0.0055	-0.002	-0.0031	-0.0095	-0.0063	0.0224	-0.5211	
Locus1153	11.1314	-0.0293	-0.0124	-0.0219	-0.0562	-0.0335	0.012	-0.7523	
Locus1154	11.1314	-0.0351	-0.0129	-0.0208	-0.0617	-0.0401	-0.0024	-0.4749	
Locus1155	11.1314	-0.0146	-0.0054	-0.0087	-0.0255	-0.0167	0.016	-0.5482	
Locus1156	11.1314	-0.0269	-0.0095	-0.0149	-0.0461	-0.0308	0.0056	-0.4806	
Locus1157	11.1314	-0.0043	-0.0017	-0.0028	-0.0077	-0.0049	0.0228	-0.656	
Locus1158	11.1314	-0.0511	-0.0181	-0.0288	-0.0889	-0.0584	-0.0114	-0.4773	
Locus1159	11.1314	-0.0343	-0.0152	-0.0281	-0.0684	-0.0392	0.0041	-0.7548	
Locus1160	11.1314	-0.0582	-0.0193	-0.0297	-0.0982	-0.0665	-0.0095	-0.5459	
Locus1161	11.1314	-0.0303	-0.0131	-0.0236	-0.0591	-0.0347	0.0023	-0.6686	
Locus1162	11.1314	-0.037	-0.0138	-0.0225	-0.0658	-0.0423	-4e-04	-0.5421	
Locus1163	11.1314	-0.0318	-0.0118	-0.0191	-0.0561	-0.0363	0.0029	-0.5289	
Locus1164	11.1314	-0.0575	-0.0183	-0.0276	-0.0951	-0.0657	-0.0073	-0.5136	
Locus1165	11.1314	-0.0523	-0.0175	-0.027	-0.0884	-0.0597	-0.0053	-0.5507	
Locus1166	11.1314	-0.0383	-0.016	-0.0283	-0.0732	-0.0437	-9e-04	-0.66	
Locus1167	11.1314	0.0244	0.0087	0.0133	0.0409	0.0279	0.043	-0.4968	
Locus1168	11.1314	-0.0038	-0.0016	-0.0028	-0.0071	-0.0043	0.0273	-0.6078	
Locus1169	11.1314	-0.0335	-0.0134	-0.0229	-0.062	-0.0383	0.0022	-0.5975	
Locus1170	11.1314	-0.0253	-0.0083	-0.0125	-0.0418	-0.029	0.0112	-0.5075	
Locus1171	11.1314	-0.03	-0.0104	-0.0162	-0.051	-0.0343	0.008	-0.5395	
Locus1172	11.1314	-0.0268	-0.0097	-0.0154	-0.0466	-0.0307	0.0056	-0.5264	
Locus1173	11.1314	-0.0142	-0.0049	-0.0075	-0.0239	-0.0162	0.017	-0.489	
Locus1174	11.1314	0.0244	0.0102	0.0172	0.0446	0.0279	0.0492	-0.5591	
Locus1175	11.1314	0.005	0.0018	0.0028	0.0085	0.0057	0.0273	-0.4637	
Locus1176	11.1314	-0.0197	-0.0065	-0.0098	-0.0325	-0.0225	0.0139	-0.5109	
Locus1177	11.1314	-0.0128	-0.0045	-0.007	-0.0217	-0.0146	0.0175	-0.5025	
Locus1178	11.1314	-0.022	-0.0096	-0.0173	-0.0429	-0.0251	0.0122	-0.6661	
Locus1179	11.1314	-0.0364	-0.0142	-0.0239	-0.0664	-0.0415	0.0056	-0.685	
Locus1180	11.1314	-0.0059	-0.002	-0.003	-0.0098	-0.0067	0.0197	-0.4843	
Locus1181	11.1314	-0.0402	-0.0136	-0.021	-0.0679	-0.046	-0.0011	-0.4788	
Locus1182	11.1314	-0.0572	-0.0185	-0.0281	-0.0953	-0.0653	-0.0073	-0.528	
Locus1183	11.1314	-0.0131	-0.0045	-0.0069	-0.022	-0.015	0.0176	-0.5293	
Locus1184	11.1314	-0.0569	-0.0197	-0.0311	-0.0981	-0.065	-0.0086	-0.5829	
Locus1185	11.1314	0.0418	0.0159	0.025	0.0716	0.0478	0.0565	-0.5032	
Locus1186	11.1314	-0.0576	-0.0186	-0.0282	-0.096	-0.0659	-0.0078	-0.5229	
Locus1187	11.1314	-0.0235	-0.009	-0.0148	-0.0421	-0.0269	0.0048	-0.488	
Locus1188	11.1314	-0.0515	-0.0169	-0.0258	-0.0862	-0.0589	-0.0064	-0.4833	
Locus1189	11.1314	0.006	0.0022	0.0035	0.0103	0.0068	0.0334	-0.5599	
Locus1190	11.1314	-0.036	-0.0125	-0.0195	-0.0615	-0.0411	0.0016	-0.4992	
Locus1191	11.1314	-0.0283	-0.0095	-0.0145	-0.0473	-0.0324	0.009	-0.5326	
Locus1192	11.1314	-0.0298	-0.0099	-0.015	-0.0497	-0.0341	0.0073	-0.5224	
Locus1193	11.1314	-0.0158	-0.0058	-0.0093	-0.0275	-0.018	0.0152	-0.5218	
Locus1194	11.1314	0.0314	0.0132	0.0222	0.0574	0.0359	0.0555	-0.5077	
Locus1195	11.1314	-0.0264	-0.0095	-0.0151	-0.0457	-0.0301	0.0066	-0.4686	
Locus1196	11.1314	-0.0128	-0.0045	-0.007	-0.0217	-0.0146	0.0122	-0.4374	
Locus1197	11.1314	-0.0021	-7e-04	-0.001	-0.0035	-0.0024	0.0242	-0.4976	
Locus1198	11.1314	-0.0339	-0.0142	-0.025	-0.0648	-0.0388	0.007	-0.7514	
Locus1199	11.1314	0.009	0.0032	0.0049	0.0152	0.0103	0.0287	-0.4742	
Locus1200	11.1314	-0.0333	-0.0145	-0.0263	-0.0654	-0.0381	0.0024	-0.6803	
Global				-0.0167	-0.0463	-0.0175	0.0104	-0.6194	
